0.5 0.6 0.6 0.3 0.3 0.2 0.3 0.5 0.3 0.6 0.2 0.2 0.5 0.1 0.3 0.4 0.4 van
0.4 0.3 0.6 0.2 0.1 0.1 0.2 0.5 0.2 0.4 0.2 0.2 0.3 0.2 0.4 0.3 0.4 van
0.7 0.7 0.9 0.5 0.2 0.2 0.6 0.2 0.5 0.6 0.5 0.5 0.7 0.2 0.6 0.2 0.4 saab
0.4 0.3 0.6 0.2 0.2 0.1 0.2 0.6 0.2 0.4 0.2 0.1 0.1 0.1 0.3 0.2 0.8 van
0.3 0.4 0.4 0.4 0.6 0.9 0.2 0.5 0.2 0.4 0.6 0.2 0.5 0.9 0.4 0.3 0.1 bus
0.7 0.9 0.9 0.3 0.0 0.1 0.9 0.0 0.9 0.7 0.8 0.9 1   0.3 0.2 0.2 0.2 bus
0.5 0.4 0.5 0.3 0.2 0.1 0.3 0.5 0.2 0.4 0.2 0.2 0.4 0.1 0.6 0.0 0.8 bus
0.4 0.4 0.4 0.2 0.2 0.1 0.2 0.6 0.1 0.4 0.2 0.1 0.3 0.1 0.1 0.1 0.6 van
0.3 0.0 0.3 0.2 0.2 0.1 0.1 0.8 0.0 0.1 0.1 0.0 0.0 0.1 0.1 0.3 0.8 van
0.4 0.4 0.8 0.4 0.2 0.2 0.5 0.3 0.4 0.4 0.4 0.4 0.3 0.1 0.2 0.3 0.6 saab
0.3 0.1 0.4 0.2 0.2 0.1 0.1 0.7 0.1 0.2 0.1 0.1 0.1 0.1 0.1 0.2 0.6 van
0.4 0.0 0.4 0.1 0.1 0.1 0.1 0.8 0.0 0.0 0.1 0.0 0.1 0.1 0.2 0.6 0.7 saab
0.3 0.5 0.5 0.3 0.2 0.1 0.3 0.5 0.2 0.4 0.3 0.2 0.5 0.2 0.2 0.3 0.4 bus
0.3 0.3 0.6 0.2 0.1 0.2 0.3 0.5 0.2 0.4 0.2 0.2 0.3 0.2 0.4 0.3 0.4 van
0.5 0.6 0.5 0.4 0.3 0.1 0.4 0.3 0.3 0.5 0.3 0.3 0.6 0.2 0.3 0.0 0.7 bus
0.5 0.8 0.9 0.4 0.2 0.1 0.6 0.2 0.5 0.7 0.5 0.5 0.9 0.2 0.3 0.0 0.3 opel
0.3 0.1 0.2 0.0 0.1 0.1 0.0 0.9 0.0 0.2 0.0 0.0 0.1 0.3 0.1 0.3 0.2 van
0.6 0.3 0.5 0.4 0.2 0.1 0.4 0.3 0.3 0.3 0.4 0.4 0.3 0.2 0.2 0.2 0.7 bus
0.7 0.8 0.8 0.4 0.2 0.2 0.7 0.1 0.6 0.8 0.5 0.6 0.7 0.2 0.2 0.3 0.3 saab
0.6 0.9 0.8 0.5 0.2 0.2 0.6 0.2 0.6 0.7 0.5 0.6 0.7 0.2 0.3 0.1 0.3 opel
0.2 0.5 0.5 0.2 0.2 0.1 0.3 0.5 0.2 0.4 0.2 0.2 0.5 0.2 0.0 0.1 0.3 bus
0.2 0.2 0.2 0.1 0.1 0.1 0.1 0.8 0.0 0.1 0.1 0.0 0.2 0.3 0.3 0.0 0.1 van
0.5 0.4 0.3 0.3 0.2 0.1 0.2 0.5 0.2 0.3 0.2 0.2 0.4 0.1 0.4 0.0 0.8 bus
0.3 0.2 0.4 0.2 0.2 0.1 0.2 0.6 0.1 0.3 0.2 0.1 0.2 0.1 0.0 0.0 0.5 bus
0.6 0.8 0.9 0.5 0.2 0.2 0.6 0.2 0.5 0.7 0.5 0.5 0.7 0.1 0.0 0.1 0.5 saab
0.3 0.5 0.6 0.2 0.2 0.1 0.2 0.5 0.2 0.4 0.2 0.2 0.4 0.2 0.0 0.1 0.4 van
0.2 0.1 0.2 0.1 0.1 0.1 0.1 0.8 0.1 0.1 0.1 0.1 0.2 0.3 0.3 0.1 0.1 saab
0.7 0.8 0.8 0.4 0.2 0.2 0.7 0.1 0.7 0.7 0.5 0.6 0.7 0.2 0.0 0.7 0.4 saab
0.6 0.5 0.6 0.4 0.2 0.1 0.5 0.2 0.4 0.4 0.5 0.5 0.3 0.2 0.3 0.2 0.6 bus
0.2 0.2 0.3 0.1 0.1 0.1 0.2 0.6 0.2 0.2 0.2 0.2 0.3 0.3 0.4 0.5 0.1 saab
0.3 0.4 0.6 0.2 0.2 0.2 0.3 0.5 0.2 0.5 0.2 0.2 0.4 0.2 0.2 0.2 0.3 van
0.3 0.3 0.5 0.2 0.1 0.1 0.2 0.6 0.1 0.3 0.2 0.1 0.3 0.1 0.5 0.3 0.7 saab
0.4 0.1 0.4 0.2 0.1 0.1 0.2 0.6 0.1 0.1 0.2 0.1 0.1 0.1 0.2 0.3 0.7 opel
0.6 0.6 0.9 0.5 0.2 0.2 0.6 0.2 0.6 0.5 0.5 0.5 0.6 0.1 0.2 0.9 0.5 opel
0.3 0.2 0.6 0.3 0.2 0.1 0.3 0.4 0.3 0.2 0.3 0.3 0.1 0.1 0.0 0.6 0.7 opel
0.6 0.5 0.7 0.3 0.2 0.1 0.3 0.5 0.3 0.5 0.2 0.2 0.5 0.1 0.8 0.2 0.5 van
0.2 0.4 0.4 0.1 0.1 0.1 0.3 0.5 0.2 0.4 0.2 0.2 0.4 0.3 0.1 0.0 0.1 bus
0.4 0.6 0.6 0.9 0.9 0.9 0.3 0.5 0.2 0.5 0.7 0.2 0.6 0.8 0.0 0.4 0.3 van
0.7 0.8 0.8 0.3 0.1 0.2 0.7 0.1 0.6 0.8 0.6 0.6 0.7 0.2 0.0 0.2 0.4 saab
0.2 0.5 0.4 0.3 0.3 0.1 0.3 0.5 0.2 0.4 0.2 0.2 0.5 0.2 0.3 0.0 0.2 bus
0.5 0.6 0.9 0.5 0.2 0.1 0.6 0.2 0.5 0.5 0.5 0.5 0.6 0.2 0.2 0.2 0.3 opel
0.3 0.2 0.2 0.0 0.1 0.1 0.0 0.9 0.0 0.1 0.0 0.0 0.1 0.4 0.4 0.4 0.1 van
0.5 0.6 0.7 0.1 0.1 0.2 0.3 0.5 0.3 0.6 0.3 0.2 0.5 0.2 0.2 0.1 0.2 van
0.4 0.2 0.5 0.3 0.2 0.1 0.3 0.4 0.3 0.2 0.3 0.3 0.2 0.1 0.2 0.2 0.5 saab 
1   0.8 0.9 0.5 0.2 0.2 0.7 0.1 0.6 0.7 0.5 0.6 0.8 0.1 0.9 0.0 0.5 saab
0.4 0.5 0.6 0.2 0.1 0.2 0.3 0.5 0.3 0.6 0.3 0.2 0.5 0.2 0.1 0.1 0.2 van
0.4 0.4 0.4 0.1 0.1 0.1 0.1 0.7 0.1 0.4 0.2 0.1 0.3 0.1 0.0 0.2 0.5 van
0.3 0.3 0.4 0.1 0.1 0.1 0.2 0.6 0.2 0.3 0.2 0.2 0.4 0.4 0.3 0.3 0.1 bus
0.3 0.5 0.6 0.2 0.2 0.2 0.3 0.5 0.3 0.6 0.2 0.2 0.5 0.2 0.3 0.3 0.3 van
0.4 0.5 0.5 0.3 0.1 0.1 0.3 0.4 0.3 0.4 0.3 0.3 0.4 0.0 0.0 0.2 0.8 saab
0.1 0.2 0.3 0.0 0.0 0.1 0.2 0.6 0.2 0.2 0.2 0.1 0.2 0.2 0.1 0.1 0.2 saab
0.4 0.2 0.4 0.3 0.2 0.1 0.3 0.5 0.2 0.2 0.3 0.2 0.1 0.1 0.2 0.6 0.4 saab
0.5 0.8 0.8 0.5 0.3 0.1 0.6 0.1 0.6 0.7 0.6 0.6 0.9 0.2 0.0 0.1 0.4 opel
0.6 0.3 0.3 0.3 0.2 0.1 0.2 0.5 0.2 0.3 0.2 0.2 0.4 0.1 0.3 0.3 0.9 bus
0.6 0.9 0.9 0.4 0.1 0.1 0.9 0.0 0.9 0.7 0.8 0.9 0.8 0.3 0.2 0.6 0.1 bus
0.5 0.1 0.4 0.2 0.2 0.1 0.1 0.7 0.1 0.2 0.1 0.1 0.1 0.0 0.4 0.1 0.8 van
0.5 0.4 0.8 0.4 0.2 0.1 0.5 0.3 0.4 0.4 0.4 0.4 0.4 0.1 0.2 0.2 0.5 saab
0.3 0.5 0.6 0.1 0.1 0.2 0.3 0.5 0.3 0.6 0.2 0.2 0.4 0.2 0.2 0.2 0.2 van
0.7 0.8 0.9 0.5 0.2 0.2 0.6 0.2 0.6 0.6 0.5 0.6 0.6 0.1 0.0 0.0 0.5 opel
0.3 0.2 0.4 0.1 0.1 0.1 0.1 0.8 0.1 0.2 0.1 0.1 0.2 0.2 0.4 0.2 0.2 van
0.7 0.7 0.8 0.5 0.2 0.1 0.5 0.2 0.4 0.6 0.4 0.5 0.5 0.1 0.2 0.1 0.7 opel
0.1 0.2 0.3 0.1 0.1 0.1 0.1 0.7 0.1 0.2 0.1 0.1 0.2 0.3 0.6 0.5 0.2 opel
0.5 0.3 0.4 0.1 0.0 0.1 0.2 0.7 0.1 0.3 0.2 0.1 0.2 0.3 0.5 0.3 0.2 van
0.2 0.3 0.4 0.2 0.2 0.1 0.2 0.5 0.2 0.4 0.2 0.2 0.3 0.3 0.2 0.0 0.2 bus
0.4 0.5 0.6 0.4 0.2 0.1 0.5 0.3 0.4 0.4 0.4 0.4 0.5 0.2 0.0 0.1 0.6 bus
0.3 0.3 0.5 0.2 0.1 0.1 0.2 0.6 0.2 0.3 0.2 0.2 0.3 0.2 0.8 0.1 0.3 opel
0.2 0.4 0.4 0.1 0.1 0.1 0.2 0.6 0.2 0.4 0.2 0.2 0.4 0.3 0.3 0.4 0.1 bus
0.5 0.8 0.8 0.5 0.2 0.2 0.7 0.1 0.7 0.9 0.5 0.7 0.7 0.2 0.3 0.3 0.4 opel
0.3 0.4 0.5 0.3 0.2 0.1 0.2 0.6 0.1 0.4 0.2 0.1 0.4 0.1 0.0 0.3 0.5 van
0.5 0.6 0.6 0.5 0.3 0.1 0.5 0.2 0.4 0.5 0.4 0.4 0.6 0.2 0.2 0.2 0.6 bus
0.5 0.8 0.8 0.2 0.1 0.2 0.7 0.1 0.6 0.8 0.5 0.6 0.7 0.2 0.1 0.1 0.3 opel
0.5 1   0.9 0.5 0.3 0.2 0.7 0.1 0.7 1   0.5 0.7 0.7 0.1 0.5 0.6 0.3 opel
0.4 0.2 0.7 0.4 0.2 0.1 0.4 0.3 0.3 0.3 0.3 0.3 0.3 0.1 0.1 0.6 0.5 opel
0.0 0.2 0.2 0.0 0.1 0.1 0.1 0.8 0.1 0.1 0.0 0.1 0.2 0.3 0.0 0.4 0.0 opel
0.3 0.3 0.7 0.2 0.2 0.2 0.3 0.5 0.2 0.4 0.2 0.2 0.3 0.2 0.5 0.6 0.4 van
0.6 0.8 0.9 0.4 0.2 0.1 0.5 0.2 0.4 0.6 0.4 0.5 0.6 0.1 0.2 0.1 0.5 opel
0.4 0.2 0.6 0.3 0.1 0.1 0.4 0.3 0.3 0.2 0.4 0.3 0.3 0.2 0.0 0.2 0.4 saab
0.3 0.3 0.3 0.2 0.2 0.1 0.2 0.5 0.2 0.2 0.2 0.2 0.4 0.3 0.1 0.1 0.1 saab
0.7 0.7 0.8 0.5 0.2 0.1 0.6 0.1 0.6 0.6 0.5 0.6 0.7 0.2 0.5 0.1 0.6 bus
0.3 0.4 0.4 0.0 0.0 0.1 0.2 0.5 0.2 0.4 0.2 0.2 0.5 0.4 0.3 0.1 0.1 bus
0.3 0.5 0.4 0.2 0.2 0.1 0.3 0.5 0.2 0.4 0.2 0.2 0.5 0.2 0.1 0.0 0.3 bus
0.6 0.7 0.7 0.4 0.2 0.1 0.6 0.1 0.6 0.6 0.5 0.6 0.7 0.3 0.2 0.3 0.5 bus
0.5 0.1 0.4 0.1 0.1 0.1 0.1 0.7 0.1 0.2 0.1 0.1 0.0 0.1 0.0 0.0 0.6 van
0.1 0.3 0.6 0.1 0.1 0.1 0.2 0.6 0.2 0.2 0.2 0.2 0.2 0.2 0.4 0.7 0.2 opel
0.3 0.3 0.5 0.4 0.3 0.1 0.2 0.5 0.2 0.3 0.2 0.2 0.2 0.2 0.1 0.2 0.6 bus
0.8 1   0.9 0.3 0.0 0.1 1   0.0 0.9 0.8 0.8 1   0.9 0.3 0.4 0.3 0.2 bus
0.3 0.3 0.6 0.2 0.1 0.1 0.2 0.5 0.2 0.4 0.2 0.2 0.3 0.2 0.2 0.4 0.4 van
0.3 0.2 0.3 0.0 0.1 0.1 0.0 0.9 0.0 0.2 0.1 0.0 0.1 0.2 0.1 0.2 0.3 van
0.4 0.3 0.6 0.5 0.3 0.1 0.4 0.3 0.3 0.3 0.3 0.3 0.3 0.1 0.1 0.3 0.7 bus
0.2 0.2 0.2 0.1 0.1 0.1 0.1 0.8 0.1 0.1 0.1 0.1 0.1 0.3 0.4 0.1 0.1 opel
0.7 0.8 0.9 0.5 0.2 0.2 0.7 0.1 0.6 0.8 0.5 0.6 0.8 0.2 0.1 0.2 0.4 saab
0.5 0.2 0.6 0.2 0.1 0.1 0.4 0.4 0.3 0.2 0.3 0.3 0.3 0.1 0.4 0.4 0.5 opel
0.7 0.7 0.8 0.4 0.1 0.1 0.6 0.2 0.5 0.6 0.5 0.5 0.8 0.1 0.5 0.2 0.5 saab
0.5 0.6 0.7 0.3 0.2 0.2 0.3 0.5 0.3 0.6 0.3 0.2 0.5 0.2 0.2 0.4 0.3 van
0.2 0.5 0.4 0.2 0.2 0.1 0.2 0.6 0.2 0.4 0.2 0.2 0.4 0.2 0.1 0.1 0.3 bus
0.5 0.7 0.9 0.5 0.2 0.2 0.7 0.1 0.6 0.5 0.5 0.6 0.7 0.2 0.3 0.7 0.4 opel
0.3 0.3 0.6 0.2 0.2 0.1 0.2 0.6 0.2 0.3 0.2 0.1 0.4 0.2 0.8 0.3 0.3 saab
0.3 0.4 0.4 0.2 0.2 0.1 0.2 0.5 0.2 0.3 0.3 0.2 0.3 0.2 0.2 0.2 0.4 bus
0.5 0.5 0.9 0.5 0.2 0.1 0.6 0.2 0.5 0.4 0.5 0.5 0.6 0.1 0.2 0.9 0.5 opel
0.3 0.4 0.3 0.1 0.1 0.1 0.2 0.6 0.2 0.4 0.2 0.2 0.4 0.4 0.2 0.3 0.1 bus
0.2 0.5 0.4 0.6 0.9 0.9 0.2 0.5 0.2 0.4 0.6 0.2 0.5 0.8 0.0 0.0 0.2 bus
0.5 0.3 0.6 0.3 0.2 0.1 0.3 0.5 0.2 0.4 0.2 0.2 0.3 0.1 0.5 0.1 0.7 van
0.5 0.3 0.4 0.2 0.2 0.1 0.1 0.7 0.1 0.4 0.1 0.1 0.3 0.1 0.6 0.1 0.5 van
0.4 0.2 0.3 0.1 0.2 0.1 0.0 0.9 0.0 0.2 0.0 0.0 0.2 0.2 0.6 0.1 0.5 van
0.6 0.5 0.6 0.4 0.2 0.1 0.5 0.2 0.4 0.4 0.5 0.5 0.4 0.3 0.0 0.7 0.6 bus
0.8 0.8 0.9 0.4 0.2 0.2 0.7 0.1 0.7 0.7 0.5 0.6 0.7 0.2 0.5 0.2 0.4 saab
0.6 0.5 0.9 0.5 0.2 0.2 0.6 0.2 0.5 0.5 0.4 0.5 0.3 0.1 0.0 0.8 0.6 opel
0.3 0.2 0.5 0.2 0.1 0.1 0.2 0.5 0.2 0.2 0.2 0.2 0.2 0.2 0.0 0.4 0.3 opel
0.2 0.4 0.4 0.1 0.1 0.1 0.2 0.5 0.2 0.4 0.2 0.2 0.4 0.3 0.3 0.3 0.1 bus
0.6 0.6 0.5 0.4 0.2 0.1 0.5 0.3 0.4 0.5 0.4 0.4 0.4 0.2 0.2 0.2 0.6 bus
0.3 0.3 0.5 0.2 0.2 0.1 0.2 0.6 0.2 0.3 0.2 0.2 0.2 0.1 0.0 0.1 0.5 van
0.5 0.6 0.6 0.3 0.2 0.2 0.3 0.5 0.2 0.5 0.2 0.2 0.5 0.2 0.2 0.3 0.3 van
0.1 0.2 0.5 0.2 0.1 0.1 0.2 0.6 0.2 0.2 0.2 0.2 0.2 0.3 0.7 0.5 0.2 opel
0.3 0.1 0.1 0.1 0.1 0.1 0.0 0.9 0.0 0.1 0.0 0.0 0.2 0.2 1   0.1 0.2 opel
0.4 0.4 0.6 0.1 0.1 0.2 0.3 0.5 0.2 0.5 0.2 0.2 0.4 0.2 0.5 0.3 0.3 van
0.5 0.5 0.7 0.3 0.2 0.2 0.3 0.5 0.3 0.6 0.2 0.2 0.5 0.2 0.5 0.3 0.4 van
0.6 0.5 0.8 0.5 0.2 0.1 0.6 0.2 0.5 0.4 0.5 0.5 0.5 0.2 0.2 0.1 0.4 opel
0.8 0.8 1   0.5 0.2 0.2 0.7 0.1 0.7 0.7 0.5 0.6 0.6 0.2 0.6 0.7 0.4 saab
0.3 0.4 0.3 0.1 0.1 0.1 0.2 0.6 0.2 0.4 0.2 0.2 0.4 0.3 0.4 0.3 0.1 bus
0.4 0.6 0.5 0.3 0.2 0.1 0.4 0.3 0.3 0.6 0.3 0.3 0.5 0.1 0.2 0.2 0.7 bus
0.3 0.2 0.2 0.1 0.1 0.1 0.1 0.7 0.1 0.1 0.1 0.1 0.2 0.3 0.7 0.3 0.3 saab
0.4 0.6 0.5 0.2 0.1 0.2 0.3 0.5 0.3 0.6 0.2 0.2 0.5 0.2 0.5 0.3 0.2 van
0.4 0.3 0.6 0.3 0.2 0.1 0.2 0.5 0.2 0.3 0.2 0.2 0.2 0.1 0.4 0.0 0.8 van
0.4 0.1 0.2 0.1 0.1 0.1 0.1 0.9 0.0 0.1 0.0 0.0 0.1 0.1 1   0.6 0.5 saab
0.3 0.5 0.4 0.2 0.2 0.1 0.2 0.6 0.2 0.4 0.2 0.1 0.4 0.2 0.1 0.1 0.4 van
0.4 0.5 0.6 0.2 0.2 0.2 0.3 0.5 0.3 0.5 0.2 0.2 0.5 0.2 0.8 0.2 0.3 van
0.3 0.3 0.4 0.2 0.2 0.1 0.2 0.5 0.2 0.4 0.2 0.2 0.3 0.2 0.1 0.1 0.3 bus
0.3 0.3 0.4 0.2 0.2 0.4 0.2 0.5 0.2 0.3 0.2 0.2 0.3 0.2 0.3 0.4 0.3 bus
0.5 0.5 0.7 0.3 0.2 0.2 0.3 0.5 0.3 0.6 0.2 0.2 0.3 0.1 0.4 0.3 0.5 van
0.6 0.6 0.8 0.5 0.2 0.1 0.6 0.2 0.5 0.5 0.5 0.5 0.6 0.2 0.3 0.3 0.5 bus
0.6 0.5 0.9 0.3 0.1 0.1 0.6 0.2 0.5 0.4 0.5 0.5 0.6 0.2 0.6 0.3 0.4 saab
0.3 0.1 0.5 0.3 0.1 0.1 0.2 0.5 0.2 0.1 0.2 0.2 0.1 0.1 0.0 0.8 0.7 saab
0.5 0.3 0.8 0.4 0.1 0.1 0.5 0.3 0.4 0.3 0.4 0.4 0.4 0.1 0.3 1   0.6 saab
0.5 0.2 0.4 0.1 0.0 0.1 0.1 0.7 0.1 0.3 0.2 0.1 0.2 0.2 0.2 0.0 0.3 van
0.6 0.8 0.8 0.3 0.1 0.2 0.7 0.1 0.6 0.8 0.5 0.6 0.6 0.2 0.5 0.7 0.4 opel
0.3 0.5 0.6 1   0.9 0.9 0.3 0.5 0.3 0.6 0.5 0.2 0.4 0.5 0.0 0.3 0.3 van
0.3 0.6 0.5 0.1 0.1 0.2 0.3 0.5 0.3 0.6 0.2 0.2 0.5 0.2 0.1 0.0 0.2 van
0.3 0.3 0.3 0.2 0.2 0.2 0.1 0.7 0.1 0.3 0.1 0.1 0.3 0.1 0.3 0.0 0.6 van
0.3 0.2 0.3 0.1 0.1 0.1 0.1 0.8 0.1 0.2 0.1 0.1 0.2 0.2 0.6 0.5 0.3 saab
0.4 0.3 0.6 0.3 0.2 0.1 0.2 0.5 0.2 0.4 0.2 0.2 0.2 0.1 0.1 0.1 0.4 van
0.4 0.2 0.6 0.3 0.1 0.1 0.3 0.5 0.3 0.2 0.2 0.2 0.0 0.0 0.1 0.4 0.8 saab
0.2 0.3 0.3 0.1 0.1 0.1 0.2 0.6 0.2 0.4 0.2 0.2 0.4 0.4 0.3 0.2 0.1 bus
0.7 0.6 0.9 0.4 0.1 0.2 0.7 0.1 0.6 0.6 0.5 0.6 0.4 0.1 0.0 1   0.5 opel
0.2 0.4 0.4 0.1 0.1 0.1 0.2 0.5 0.2 0.4 0.2 0.2 0.4 0.3 0.2 0.2 0.1 bus
0.5 0.5 0.6 0.4 0.2 0.1 0.3 0.4 0.3 0.4 0.3 0.3 0.4 0.1 0.5 0.4 0.8 opel
0.7 0.8 0.9 0.5 0.2 0.2 0.7 0.1 0.7 0.8 0.5 0.7 0.6 0.1 0.0 0.4 0.4 opel
0.6 0.5 0.6 0.3 0.2 0.2 0.3 0.5 0.3 0.6 0.2 0.2 0.4 0.2 0.8 0.0 0.4 van
0.4 0.3 0.5 0.3 0.2 0.1 0.2 0.5 0.2 0.2 0.2 0.2 0.2 0.1 0.2 0.4 0.5 bus
0.4 0.4 0.4 0.3 0.1 0.1 0.3 0.5 0.2 0.4 0.2 0.2 0.3 0.0 0.7 0.2 0.9 saab
0.4 0.1 0.3 0.3 0.2 0.1 0.2 0.7 0.1 0.3 0.2 0.1 0.1 0.1 0.1 0.7 0.6 van
0.7 0.7 0.8 0.5 0.2 0.2 0.5 0.3 0.4 0.5 0.4 0.4 0.5 0.1 0.1 0.2 0.6 saab
0.5 0.4 0.6 0.5 0.3 0.1 0.5 0.3 0.4 0.4 0.4 0.4 0.3 0.2 0.2 0.5 0.7 bus
0.4 0.1 0.4 0.3 0.2 0.1 0.2 0.5 0.2 0.1 0.2 0.2 0.1 0.0 0.2 0.7 0.9 opel
0.7 0.6 0.9 0.5 0.2 0.1 0.6 0.2 0.6 0.6 0.5 0.6 0.5 0.1 0.0 0.6 0.5 saab
0.3 0.3 0.5 0.2 0.2 0.1 0.2 0.6 0.2 0.3 0.2 0.2 0.3 0.2 0.4 0.2 0.4 van
0.8 0.9 0.9 0.5 0.2 0.1 0.9 0.0 0.8 0.7 0.8 0.9 0.8 0.3 0.2 0.1 0.3 bus
0.3 0.1 0.5 0.2 0.1 0.1 0.2 0.5 0.2 0.1 0.2 0.2 0.2 0.1 0.5 0.6 0.7 opel
0.4 0.3 0.4 0.1 0.1 0.1 0.1 0.8 0.1 0.4 0.1 0.1 0.3 0.2 0.2 0.1 0.4 van
0.3 0.2 0.5 0.2 0.1 0.1 0.3 0.5 0.2 0.3 0.2 0.2 0.2 0.1 0.0 0.8 0.4 saab
0.4 0.5 0.5 0.2 0.1 0.1 0.2 0.5 0.2 0.4 0.2 0.2 0.4 0.1 0.7 0.0 0.6 opel
0.2 0.2 0.2 0.1 0.1 0.1 0.1 0.7 0.1 0.1 0.1 0.1 0.2 0.4 0.0 0.0 0.0 opel
0.7 0.7 0.8 0.5 0.2 0.2 0.6 0.2 0.5 0.7 0.5 0.5 0.5 0.1 0.8 0.0 0.7 opel
0.5 0.2 0.6 0.4 0.2 0.1 0.4 0.4 0.3 0.3 0.3 0.3 0.1 0.0 0.4 0.5 0.7 saab
0.3 0.3 0.4 0.2 0.1 0.1 0.1 0.7 0.1 0.2 0.2 0.1 0.3 0.1 0.1 0.2 0.5 saab
0.5 0.8 0.9 0.4 0.1 0.2 0.7 0.2 0.6 0.8 0.5 0.6 0.7 0.2 0.0 0.6 0.3 opel
0.7 0.8 0.7 0.3 0.1 0.2 0.7 0.1 0.7 0.7 0.5 0.6 0.6 0.2 0.0 0.8 0.3 opel
0.4 0.1 0.5 0.3 0.1 0.1 0.3 0.5 0.2 0.1 0.2 0.2 0.1 0.0 0.2 0.5 0.9 saab
0.8 0.7 0.9 0.4 0.1 0.2 0.7 0.1 0.6 0.6 0.5 0.6 0.5 0.1 0.8 0.0 0.5 saab
0.2 0.5 0.4 0.2 0.2 0.1 0.2 0.6 0.2 0.4 0.2 0.2 0.5 0.3 0.0 0.0 0.2 bus
0.5 0.2 0.4 0.1 0.1 0.1 0.1 0.8 0.1 0.3 0.1 0.1 0.1 0.2 0.0 0.3 0.3 van
0.8 0.7 0.9 0.4 0.1 0.2 0.6 0.1 0.6 0.6 0.5 0.6 0.5 0.1 0.3 0.1 0.5 opel
0.7 0.8 0.9 0.2 0.0 0.0 0.9 0.0 0.8 0.7 0.7 0.8 0.8 0.3 0.2 0.3 0.2 bus
0.5 0.5 0.6 0.3 0.2 0.1 0.2 0.6 0.2 0.4 0.2 0.2 0.4 0.1 0.5 0.3 0.6 van
0.5 0.6 0.8 0.4 0.1 0.1 0.7 0.1 0.6 0.5 0.5 0.6 0.6 0.2 0.4 0.7 0.4 bus
0.4 0.6 0.6 0.2 0.2 0.2 0.3 0.5 0.3 0.7 0.2 0.2 0.5 0.2 0.4 0.4 0.3 van
0.3 0.3 0.5 0.4 0.3 0.1 0.3 0.4 0.3 0.2 0.3 0.2 0.2 0.2 0.0 0.3 0.6 bus
0.2 0.2 0.7 0.3 0.1 0.1 0.4 0.3 0.3 0.2 0.4 0.3 0.2 0.2 0.2 0.9 0.5 opel
0.3 0.4 0.4 0.2 0.2 0.1 0.2 0.6 0.2 0.4 0.2 0.2 0.4 0.1 0.5 0.0 0.5 bus
0.4 0.2 0.5 0.3 0.2 0.1 0.3 0.5 0.2 0.2 0.2 0.2 0.2 0.1 0.0 0.5 0.7 bus
0.3 0.4 0.4 0.1 0.1 0.1 0.2 0.7 0.1 0.4 0.2 0.1 0.4 0.3 0.5 0.1 0.3 van
0.6 0.8 0.9 0.5 0.2 0.2 0.6 0.2 0.6 0.7 0.5 0.5 0.8 0.2 0.0 0.6 0.4 saab
0.1 0.1 0.3 0.1 0.1 0.1 0.1 0.8 0.0 0.1 0.1 0.0 0.1 0.3 0.1 0.4 0.1 opel
0.4 0.3 0.4 0.3 0.2 0.1 0.2 0.5 0.2 0.3 0.2 0.2 0.3 0.1 0.2 0.0 0.8 bus
0.2 0.1 0.2 0.1 0.1 0.0 0.0 0.9 0.0 0.1 0.0 0.0 0.1 0.2 0.5 0.7 0.2 saab
0.7 0.5 0.9 0.5 0.2 0.2 0.6 0.2 0.5 0.4 0.5 0.5 0.6 0.1 0.4 0.2 0.5 saab
0.6 0.3 0.5 0.4 0.3 0.1 0.4 0.3 0.3 0.3 0.4 0.4 0.3 0.2 0.3 0.5 0.7 bus
0.4 0.3 0.6 0.4 0.2 0.1 0.4 0.3 0.3 0.3 0.3 0.3 0.3 0.1 0.1 0.6 0.7 bus
0.5 0.5 0.5 0.3 0.1 0.1 0.3 0.5 0.3 0.4 0.3 0.2 0.5 0.1 0.6 0.2 0.5 opel
0.6 0.7 0.9 0.5 0.2 0.2 0.6 0.2 0.6 0.6 0.5 0.6 0.7 0.2 0.2 0.6 0.3 opel
0.4 0.1 0.5 0.3 0.2 0.1 0.3 0.5 0.2 0.1 0.3 0.2 0.2 0.1 0.0 0.5 0.5 opel
0.5 0.6 0.8 0.4 0.2 0.1 0.5 0.3 0.3 0.5 0.4 0.4 0.5 0.1 0.9 0.3 0.8 opel
0.3 0.3 0.6 0.3 0.2 0.2 0.2 0.6 0.2 0.3 0.2 0.2 0.3 0.1 0.0 0.3 0.4 van
0.4 0.4 0.5 0.2 0.1 0.1 0.2 0.5 0.2 0.4 0.2 0.2 0.4 0.1 0.6 0.0 0.4 saab
0.7 0.8 0.8 0.4 0.1 0.1 0.8 0.0 0.8 0.7 0.7 0.8 0.9 0.3 0.1 0.0 0.3 bus
0.4 0.2 0.6 0.3 0.1 0.1 0.3 0.5 0.3 0.2 0.3 0.2 0.2 0.1 0.4 0.5 0.5 saab
0.3 0.4 0.4 0.1 0.1 0.1 0.3 0.5 0.2 0.3 0.2 0.2 0.4 0.3 0.3 0.3 0.2 bus
0.7 0.9 0.9 0.6 0.3 0.2 0.7 0.1 0.7 0.8 0.5 0.6 0.7 0.2 0.9 0.3 0.4 saab
0.2 0.4 0.4 0.2 0.2 0.1 0.3 0.5 0.2 0.4 0.3 0.2 0.4 0.3 0.0 0.4 0.2 bus
0.2 0.5 0.4 0.1 0.1 0.1 0.3 0.5 0.2 0.4 0.2 0.2 0.5 0.3 0.1 0.3 0.1 bus
0.2 0.4 0.4 0.1 0.2 0.1 0.2 0.6 0.2 0.4 0.2 0.2 0.5 0.3 0.3 0.4 0.2 bus
0.4 0.5 0.6 0.3 0.2 0.2 0.3 0.5 0.3 0.6 0.2 0.2 0.4 0.2 0.3 0.4 0.2 van
0.4 0.1 0.5 0.3 0.1 0.1 0.3 0.5 0.2 0.1 0.2 0.2 0.1 0.0 0.3 0.5 0.7 saab
0.8 0.8 0.9 0.3 0.0 0.2 0.7 0.1 0.7 0.8 0.5 0.7 0.6 0.1 0.7 0.1 0.5 opel
0.7 0.8 0.8 0.4 0.2 0.2 0.7 0.1 0.6 0.8 0.5 0.6 0.7 0.2 0.5 0.3 0.4 opel
0.3 0.3 0.3 0.1 0.1 0.1 0.1 0.8 0.0 0.3 0.1 0.0 0.3 0.1 0.3 0.1 0.8 van
0.3 0.5 0.6 0.2 0.2 0.1 0.2 0.5 0.2 0.5 0.2 0.2 0.5 0.2 0.0 0.1 0.4 van
0.4 0.5 0.5 0.3 0.2 0.1 0.3 0.4 0.3 0.4 0.3 0.3 0.4 0.1 0.1 0.2 0.5 opel
0.3 0.3 0.3 0.1 0.1 0.1 0.2 0.6 0.2 0.4 0.2 0.2 0.4 0.3 0.0 0.1 0.1 bus
0.3 0.5 0.4 0.2 0.2 0.1 0.2 0.5 0.2 0.4 0.2 0.2 0.5 0.2 0.3 0.1 0.2 bus
0.6 0.9 0.8 0.3 0.1 0.2 0.7 0.1 0.6 0.8 0.5 0.6 0.7 0.2 0.1 0.1 0.3 opel
0.5 0.2 0.7 0.4 0.2 0.1 0.4 0.3 0.3 0.2 0.3 0.3 0.1 0.1 0.2 0.6 0.8 opel
0.3 0.2 0.4 0.2 0.2 0.1 0.2 0.6 0.1 0.2 0.2 0.1 0.1 0.2 0.0 0.1 0.4 van
0.4 0.3 0.4 0.3 0.2 0.1 0.2 0.5 0.2 0.3 0.2 0.2 0.3 0.2 0.1 0.4 0.5 bus
0.7 0.6 0.7 0.3 0.1 0.0 0.7 0.1 0.6 0.5 0.6 0.6 0.6 0.3 0.0 0.6 0.5 bus
0.3 0.1 0.4 0.2 0.1 0.1 0.2 0.6 0.1 0.1 0.2 0.1 0.1 0.2 0.0 0.0 0.4 opel
0.4 0.2 0.6 0.3 0.2 0.1 0.3 0.4 0.3 0.2 0.3 0.2 0.2 0.2 0.0 0.5 0.3 opel
0.2 0.4 0.5 0.2 0.1 0.1 0.3 0.5 0.2 0.4 0.2 0.2 0.4 0.2 0.4 0.0 0.2 saab
0.7 0.9 0.9 0.5 0.2 0.2 0.7 0.1 0.7 0.8 0.5 0.6 0.7 0.2 0.2 0.1 0.3 opel
0.2 0.4 0.4 0.2 0.2 0.1 0.2 0.5 0.2 0.4 0.2 0.2 0.4 0.2 0.0 0.0 0.3 bus
0.3 0.2 0.2 0.1 0.1 0.1 0.0 0.9 0.0 0.2 0.0 0.0 0.2 0.1 0.8 0.2 0.7 van
0.6 0.8 0.8 0.4 0.2 0.2 0.7 0.1 0.7 0.9 0.5 0.6 0.7 0.2 0.1 0.1 0.3 opel
0.3 0.4 0.6 0.2 0.1 0.2 0.3 0.5 0.3 0.5 0.2 0.2 0.4 0.2 0.2 0.4 0.3 van
0.6 0.7 0.6 0.4 0.2 0.1 0.5 0.2 0.4 0.6 0.4 0.4 0.6 0.2 0.3 0.0 0.7 bus
0.2 0.4 0.4 0.2 0.1 0.1 0.3 0.5 0.2 0.4 0.3 0.2 0.4 0.3 0.0 0.4 0.2 bus
0.3 0.3 0.4 0.1 0.1 0.1 0.2 0.7 0.1 0.3 0.1 0.1 0.3 0.2 0.2 0.3 0.2 saab
0.4 0.3 0.5 0.2 0.2 0.1 0.2 0.6 0.2 0.5 0.2 0.1 0.2 0.1 0.2 0.2 0.6 van
0.7 0.8 0.8 0.5 0.2 0.2 0.7 0.1 0.6 0.7 0.5 0.6 0.7 0.2 0.6 0.0 0.4 saab
0.5 0.1 0.4 0.2 0.2 0.1 0.1 0.7 0.1 0.1 0.2 0.1 0.0 0.1 0.4 0.2 0.7 van
0.7 0.8 0.9 0.5 0.2 0.2 0.6 0.2 0.6 0.7 0.5 0.5 0.7 0.1 0.6 0.6 0.4 saab
0.3 0.3 0.3 0.2 0.2 0.1 0.2 0.5 0.2 0.3 0.2 0.2 0.4 0.3 0.2 0.2 0.2 saab
0.3 0.1 0.1 0.0 0.1 0.0 0.0 0.9 0.0 0.1 0.0 0.0 0.2 0.4 0.2 0.2 0.1 van
0.3 0.0 0.0 0.0 0.1 0.0 0.0 1   0.0 0.0 0.0 0.0 0.1 0.4 0.5 0.5 0.2 saab
0.2 0.4 0.4 0.1 0.1 0.1 0.3 0.5 0.2 0.4 0.2 0.2 0.4 0.4 0.2 0.1 0.1 bus
0.6 0.7 0.9 0.4 0.1 0.2 0.6 0.2 0.6 0.6 0.5 0.5 0.6 0.1 0.0 0.5 0.4 saab
0.4 0.3 0.3 0.2 0.2 0.1 0.1 0.7 0.1 0.3 0.2 0.1 0.4 0.2 0.3 0.3 0.5 van
0.4 0.6 0.5 0.1 0.1 0.2 0.3 0.5 0.3 0.7 0.2 0.2 0.5 0.2 0.0 0.3 0.2 van
0.5 0.2 0.5 0.4 0.3 0.1 0.3 0.4 0.3 0.1 0.3 0.3 0.2 0.2 0.0 0.1 0.7 bus
0.3 0.5 0.3 0.1 0.1 0.1 0.3 0.5 0.2 0.4 0.2 0.2 0.5 0.3 0.0 0.2 0.1 bus
0.6 0.8 0.8 0.4 0.1 0.2 0.7 0.1 0.7 0.8 0.5 0.7 0.6 0.2 0.3 0.4 0.4 opel
0.1 0.5 0.5 0.2 0.2 0.1 0.3 0.5 0.2 0.4 0.2 0.2 0.6 0.2 0.3 0.2 0.2 bus
0.3 0.1 0.5 0.3 0.2 0.1 0.3 0.5 0.2 0.1 0.2 0.2 0.1 0.1 0.2 0.5 0.7 opel
0.4 0.5 0.5 0.3 0.1 0.1 0.3 0.5 0.3 0.4 0.3 0.2 0.5 0.1 0.5 0.4 0.6 opel
0.3 0.3 0.3 0.1 0.1 0.1 0.2 0.6 0.2 0.4 0.2 0.2 0.4 0.3 0.4 0.1 0.1 bus
0.6 0.8 0.9 0.5 0.2 0.2 0.7 0.1 0.6 0.7 0.5 0.6 0.7 0.2 0.1 0.4 0.4 saab
0.3 0.5 0.5 0.1 0.1 0.1 0.3 0.5 0.3 0.7 0.2 0.2 0.4 0.2 0.0 0.2 0.2 van
0.4 0.3 0.5 0.1 0.0 0.1 0.2 0.7 0.1 0.3 0.2 0.1 0.3 0.2 0.2 0.4 0.3 van
0.5 0.1 0.5 0.4 0.3 0.1 0.3 0.4 0.2 0.1 0.3 0.2 0.1 0.2 0.1 0.5 0.8 bus
0.4 0.2 0.6 0.3 0.1 0.1 0.4 0.4 0.3 0.2 0.3 0.3 0.2 0.1 0.0 0.6 0.5 saab
0.7 0.8 0.9 0.5 0.2 0.2 0.7 0.1 0.6 0.7 0.5 0.6 0.9 0.2 0.2 0.4 0.4 opel
0.3 0.0 0.2 0.1 0.1 0.1 0.0 0.9 0.0 0.0 0.0 0.0 0.1 0.1 0.1 0.5 0.3 saab
0.5 0.2 0.4 0.1 0.1 0.1 0.1 0.7 0.1 0.3 0.1 0.1 0.2 0.3 0.5 0.2 0.3 van
0.7 1   0.9 0.6 0.2 0.2 0.7 0.1 0.7 0.8 0.5 0.6 0.9 0.2 0.3 0.1 0.4 opel
0.2 0.4 0.6 0.2 0.1 0.2 0.3 0.5 0.3 0.6 0.2 0.2 0.4 0.2 0.2 0.4 0.2 van
0.5 0.4 0.4 0.3 0.2 0.1 0.2 0.6 0.1 0.3 0.2 0.2 0.4 0.1 0.5 0.2 0.7 bus
0.4 0.5 0.6 0.2 0.2 0.2 0.3 0.5 0.2 0.6 0.3 0.2 0.4 0.2 0.1 0.2 0.3 van
0.8 0.7 1   0.4 0.1 0.2 0.7 0.1 0.6 0.6 0.5 0.6 0.6 0.2 0.8 0.7 0.5 saab
0.4 0.1 0.5 0.2 0.1 0.1 0.3 0.5 0.2 0.1 0.2 0.2 0.1 0.1 0.4 0.4 0.6 saab
0.4 0.4 0.4 0.2 0.1 0.1 0.2 0.5 0.2 0.4 0.2 0.2 0.4 0.1 0.6 0.4 0.7 opel
0.6 0.6 0.9 0.4 0.2 0.2 0.6 0.2 0.5 0.5 0.5 0.5 0.6 0.2 0.4 0.1 0.4 saab
0.5 1   0.8 0.5 0.2 0.2 0.7 0.1 0.7 0.9 0.5 0.7 0.7 0.2 0.3 0.0 0.3 opel
0.2 0.2 0.2 0.1 0.1 0.0 0.1 0.7 0.1 0.1 0.1 0.1 0.2 0.3 0.2 0.3 0.1 saab
0.4 0.2 0.7 0.4 0.2 0.1 0.4 0.3 0.3 0.2 0.4 0.3 0.3 0.1 0.0 0.6 0.5 saab
0.3 0.3 0.3 0.1 0.1 0.1 0.0 0.9 0.0 0.3 0.1 0.0 0.3 0.1 0.5 0.2 0.6 van
0.3 0.1 0.4 0.1 0.1 0.1 0.1 0.8 0.0 0.1 0.1 0.1 0.0 0.1 0.2 0.5 0.8 van
0.7 0.6 0.8 0.4 0.1 0.2 0.5 0.3 0.4 0.6 0.4 0.4 0.4 0.0 0.6 0.2 0.7 saab
0.2 0.5 0.4 0.1 0.1 0.1 0.3 0.5 0.2 0.4 0.2 0.2 0.4 0.3 0.1 0.4 0.2 bus
0.3 0.3 0.3 0.1 0.1 0.1 0.3 0.5 0.2 0.3 0.2 0.2 0.4 0.3 0.2 0.1 0.1 bus
0.6 0.5 0.6 0.4 0.2 0.1 0.4 0.4 0.3 0.5 0.3 0.3 0.4 0.1 0.6 0.2 0.7 saab
0.3 0.2 0.3 0.2 0.1 0.1 0.0 0.8 0.0 0.2 0.1 0.0 0.2 0.0 0.3 0.2 0.8 van
0.2 0.2 0.3 0.0 0.1 0.1 0.1 0.8 0.0 0.2 0.1 0.0 0.2 0.3 0.0 0.2 0.2 van
0.2 0.5 0.4 0.2 0.2 0.1 0.2 0.5 0.2 0.4 0.2 0.2 0.5 0.3 0.2 0.0 0.2 bus
0.4 0.5 0.7 0.4 0.2 0.1 0.4 0.3 0.3 0.5 0.4 0.3 0.6 0.1 0.0 0.1 0.6 saab
0.4 0.4 0.7 0.2 0.2 0.1 0.2 0.5 0.2 0.6 0.2 0.2 0.2 0.1 0.0 0.6 0.7 van
0.5 0.5 0.6 0.3 0.2 0.1 0.2 0.6 0.2 0.4 0.2 0.2 0.3 0.1 0.2 0.2 0.8 van
0.7 0.9 0.9 0.3 0.0 0.1 0.9 0.0 0.9 0.8 0.8 0.9 0.8 0.3 0.1 0.5 0.2 bus
0.3 0.4 0.4 0.3 0.3 0.1 0.2 0.5 0.2 0.3 0.2 0.2 0.4 0.1 0.3 0.0 0.6 bus
0.2 0.5 0.5 0.1 0.1 0.1 0.2 0.5 0.2 0.4 0.2 0.2 0.5 0.2 0.4 0.0 0.3 bus
0.3 0.3 0.4 0.1 0.1 0.1 0.2 0.7 0.1 0.3 0.1 0.1 0.4 0.2 0.1 0.1 0.1 opel
0.8 0.8 1   0.5 0.2 0.2 0.7 0.1 0.6 0.7 0.5 0.6 0.6 0.1 0.5 0.8 0.4 saab
0.5 0.2 0.5 0.4 0.3 0.1 0.3 0.5 0.2 0.1 0.2 0.2 0.1 0.1 0.1 0.2 0.7 bus
0.6 0.4 0.7 0.4 0.2 0.1 0.5 0.3 0.4 0.4 0.4 0.4 0.3 0.1 0.0 0.0 0.6 opel
0.2 0.4 0.5 0.2 0.2 0.1 0.3 0.5 0.2 0.4 0.3 0.2 0.3 0.2 0.2 0.3 0.3 bus
0.3 0.5 0.5 0.1 0.1 0.1 0.3 0.5 0.2 0.4 0.2 0.2 0.5 0.3 0.4 0.3 0.1 bus
0.9 0.8 1   0.6 0.2 0.2 0.7 0.1 0.6 0.7 0.5 0.6 0.7 0.1 0.7 0.7 0.5 saab
0.3 0.5 0.5 0.1 0.1 0.2 0.3 0.5 0.3 0.6 0.2 0.2 0.4 0.3 0.3 0.4 0.2 van
0.3 0.6 0.6 0.4 0.2 0.1 0.4 0.4 0.3 0.5 0.3 0.3 0.5 0.1 0.7 0.1 0.6 saab
0.2 0.3 0.4 0.2 0.2 0.1 0.2 0.6 0.2 0.3 0.2 0.1 0.2 0.2 0.2 0.3 0.4 bus
0.3 0.4 0.6 0.1 0.1 0.2 0.3 0.5 0.2 0.5 0.2 0.2 0.3 0.2 0.3 0.0 0.3 van
0.5 0.5 0.9 0.5 0.2 0.2 0.6 0.2 0.5 0.4 0.5 0.5 0.6 0.2 0.3 0.1 0.4 opel
0.3 0.2 0.2 0.1 0.2 0.1 0.2 0.7 0.1 0.1 0.1 0.1 0.2 0.3 0.7 0.4 0.1 saab
0.5 0.2 0.4 0.1 0.1 0.1 0.1 0.7 0.1 0.3 0.2 0.1 0.1 0.1 0.1 0.3 0.5 van
0.3 0.5 0.6 0.6 0.6 0.8 0.3 0.5 0.3 0.6 0.4 0.2 0.4 0.4 0.4 0.4 0.2 van
0.3 0.3 0.5 0.2 0.2 0.1 0.3 0.5 0.2 0.3 0.3 0.2 0.3 0.2 0.3 0.3 0.4 bus
0.4 0.1 0.3 0.2 0.1 0.1 0.1 0.7 0.1 0.3 0.1 0.1 0.1 0.1 0.1 0.7 0.6 van
0.8 0.8 0.9 0.3 0.0 0.1 0.8 0.0 0.8 0.7 0.7 0.8 0.9 0.3 0.5 0.3 0.3 bus
0.4 0.2 0.5 0.3 0.2 0.1 0.3 0.5 0.2 0.2 0.2 0.2 0.2 0.1 0.0 0.0 0.6 bus
0.5 0.7 0.6 0.4 0.2 0.1 0.5 0.2 0.4 0.6 0.4 0.5 0.7 0.2 0.2 0.1 0.6 bus
0.2 0.2 0.4 0.1 0.1 0.1 0.1 0.7 0.1 0.1 0.1 0.1 0.2 0.2 0.8 0.2 0.2 saab
0.4 0.3 0.8 0.4 0.2 0.1 0.4 0.3 0.3 0.2 0.3 0.3 0.4 0.1 0.4 0.9 0.6 saab
0.5 0.3 0.5 0.3 0.2 0.1 0.4 0.3 0.3 0.3 0.4 0.3 0.2 0.2 0.2 0.4 0.8 bus
0.7 0.8 0.8 0.4 0.1 0.2 0.7 0.1 0.6 0.7 0.5 0.6 0.7 0.2 0.4 0.5 0.4 saab
0.4 0.4 0.5 0.3 0.1 0.1 0.3 0.5 0.2 0.3 0.3 0.2 0.4 0.1 0.7 0.0 0.6 opel
0.5 0.2 0.4 0.4 0.3 0.1 0.3 0.4 0.2 0.2 0.3 0.2 0.1 0.1 0.0 0.3 0.8 bus
0.3 0.1 0.4 0.2 0.1 0.1 0.1 0.7 0.1 0.2 0.1 0.1 0.1 0.0 0.3 0.4 0.8 van
0.3 0.5 0.4 0.1 0.1 0.1 0.3 0.5 0.2 0.4 0.2 0.2 0.5 0.3 0.1 0.1 0.2 bus
0.3 0.5 0.5 0.2 0.2 0.1 0.2 0.5 0.2 0.4 0.2 0.2 0.4 0.2 0.3 0.0 0.4 bus
0.7 0.6 0.9 0.4 0.2 0.2 0.6 0.2 0.6 0.5 0.5 0.5 0.6 0.1 0.2 0.7 0.5 saab
0.7 0.7 0.9 0.4 0.1 0.2 0.7 0.1 0.6 0.6 0.5 0.6 0.5 0.1 0.3 0.1 0.4 opel
0.8 0.7 0.8 0.4 0.1 0.2 0.5 0.2 0.4 0.6 0.4 0.4 0.5 0.1 0.6 0.1 0.7 opel
0.8 0.6 0.9 0.5 0.2 0.2 0.6 0.2 0.5 0.6 0.5 0.5 0.4 0.1 0.4 0.8 0.6 opel
0.4 0.7 0.7 0.4 0.2 0.2 0.5 0.3 0.3 0.6 0.4 0.4 0.7 0.1 0.3 0.5 0.5 saab
0.4 0.5 0.6 0.2 0.1 0.2 0.3 0.5 0.3 0.5 0.3 0.2 0.5 0.2 0.0 0.5 0.3 van
0.2 0.3 0.4 0.2 0.2 0.1 0.2 0.5 0.2 0.3 0.2 0.2 0.3 0.2 0.2 0.4 0.4 bus
0.5 0.7 0.9 0.5 0.2 0.1 0.6 0.2 0.5 0.6 0.5 0.5 0.7 0.1 0.5 0.5 0.5 opel
0.4 0.3 0.3 0.1 0.1 0.1 0.3 0.5 0.2 0.3 0.2 0.2 0.4 0.3 0.0 0.4 0.1 bus
0.4 0.3 0.3 0.1 0.0 0.1 0.1 0.7 0.1 0.4 0.2 0.1 0.3 0.3 0.4 0.1 0.3 van
0.4 0.3 0.4 0.1 0.1 0.1 0.1 0.8 0.1 0.4 0.2 0.1 0.3 0.2 0.1 0.2 0.5 van
0.5 0.5 0.9 0.5 0.2 0.2 0.5 0.3 0.4 0.5 0.4 0.4 0.3 0.1 0.3 0.8 0.7 saab
0.3 0.2 0.2 0.0 0.1 0.1 0.1 0.9 0.0 0.1 0.0 0.0 0.2 0.3 0.3 0.1 0.2 van
0.6 0.7 0.7 0.4 0.1 0.1 0.7 0.1 0.7 0.6 0.6 0.7 0.6 0.3 0.3 0.2 0.4 bus
0.7 0.8 0.8 0.5 0.2 0.2 0.7 0.1 0.7 0.7 0.5 0.6 0.6 0.2 0.0 0.3 0.4 saab
0.9 0.9 1   0.4 0.1 0.1 1   0.0 0.9 0.8 0.8 1   1.0 0.3 0.5 0.5 0.2 bus
0.3 0.4 0.3 0.1 0.1 0.1 0.2 0.6 0.2 0.4 0.2 0.2 0.4 0.3 0.3 0.1 0.1 bus
0.5 0.7 0.8 0.4 0.2 0.2 0.5 0.3 0.4 0.6 0.4 0.4 0.8 0.1 0.5 0.0 0.5 saab
0.5 0.2 0.7 0.3 0.1 0.1 0.4 0.4 0.3 0.2 0.3 0.3 0.2 0.1 0.1 0.7 0.6 saab
0.2 0.4 0.3 0.1 0.1 0.1 0.3 0.5 0.2 0.4 0.2 0.2 0.5 0.3 0.1 0.1 0.1 bus
0.7 0.6 0.8 0.4 0.2 0.2 0.5 0.3 0.3 0.6 0.4 0.4 0.4 0.0 0.9 0.4 0.9 opel
0.3 0.4 0.6 0.1 0.1 0.1 0.2 0.5 0.2 0.4 0.2 0.2 0.4 0.1 0.5 0.3 0.4 opel
0.4 0.4 0.7 0.3 0.2 0.1 0.2 0.5 0.2 0.4 0.2 0.2 0.2 0.1 0.1 0.4 0.7 van
0.3 0.2 0.6 0.3 0.1 0.1 0.3 0.4 0.3 0.2 0.3 0.2 0.2 0.1 0.2 0.4 0.5 saab
0.5 0.4 0.5 0.2 0.2 0.1 0.2 0.6 0.1 0.4 0.2 0.1 0.4 0.1 0.9 0.0 0.8 van
0.7 0.7 0.8 0.4 0.1 0.1 0.5 0.3 0.4 0.6 0.4 0.4 0.6 0.1 0.5 0.2 0.6 opel
0.6 0.9 1   0.5 0.2 0.2 0.7 0.1 0.7 0.8 0.5 0.6 0.8 0.1 0.5 0.6 0.4 opel
0.3 0.3 0.3 0.1 0.1 0.1 0.2 0.5 0.2 0.3 0.2 0.2 0.4 0.3 0.1 0.2 0.1 bus
0.7 0.9 0.9 0.3 0.1 0.1 0.8 0.1 0.8 0.8 0.6 0.8 0.8 0.2 0.3 0.3 0.4 bus
0.8 0.8 0.9 0.4 0.2 0.2 0.7 0.1 0.7 0.8 0.5 0.6 0.7 0.2 0.3 0.3 0.4 saab
0.3 0.4 0.5 0.1 0.1 0.2 0.3 0.5 0.3 0.5 0.2 0.2 0.4 0.2 0.5 0.3 0.3 van
0.6 0.7 0.7 0.4 0.2 0.1 0.6 0.2 0.5 0.6 0.5 0.5 0.7 0.2 0.4 0.6 0.5 bus
0.5 0.5 0.7 0.2 0.2 0.2 0.3 0.5 0.2 0.4 0.2 0.2 0.4 0.1 0.8 0.5 0.7 van
0.3 0.3 0.5 0.2 0.2 0.1 0.3 0.5 0.2 0.3 0.2 0.2 0.3 0.2 0.1 0.2 0.5 bus
0.3 0.3 0.4 0.2 0.2 0.1 0.2 0.5 0.2 0.2 0.2 0.2 0.2 0.2 0.2 0.2 0.5 bus
0.3 0.3 0.5 0.2 0.2 0.1 0.2 0.6 0.1 0.2 0.1 0.1 0.3 0.2 0.1 0.5 0.2 opel
0.2 0.2 0.2 0.1 0.2 0.0 0.2 0.7 0.1 0.1 0.1 0.1 0.2 0.3 0.1 0.1 0.1 saab
0.6 0.8 0.8 0.4 0.1 0.2 0.7 0.1 0.7 0.8 0.5 0.7 0.6 0.2 0.6 0.1 0.4 opel
0.6 0.8 0.8 0.5 0.2 0.2 0.7 0.1 0.7 0.9 0.5 0.7 0.7 0.2 0.5 0.5 0.4 opel
0.6 0.8 0.9 0.4 0.1 0.1 0.8 0.1 0.8 0.7 0.7 0.8 0.9 0.3 0.3 0.3 0.3 bus 
1   0.7 1   0.5 0.2 0.2 0.7 0.1 0.6 0.6 0.5 0.6 0.7 0.1 1   0.6 0.6 saab
0.3 0.4 0.5 0.3 0.1 0.1 0.3 0.5 0.2 0.4 0.2 0.2 0.4 0.1 0.4 0.3 0.9 opel
0.5 0.4 0.6 0.2 0.2 0.2 0.2 0.6 0.2 0.4 0.2 0.2 0.4 0.1 0.5 0.1 0.8 van
0.3 0.3 0.4 0.2 0.1 0.1 0.1 0.7 0.1 0.3 0.1 0.1 0.3 0.0 0.7 0.1 0.9 opel
0.5 0.5 0.8 0.5 0.2 0.1 0.5 0.3 0.4 0.5 0.4 0.4 0.4 0.1 0.0 0.8 0.5 opel
0.3 0.2 0.3 0.1 0.1 0.1 0.2 0.6 0.2 0.2 0.2 0.2 0.3 0.4 0.5 0.0 0.1 saab
0.4 0.5 0.5 0.2 0.2 0.1 0.2 0.5 0.2 0.5 0.2 0.2 0.6 0.1 0.6 0.3 0.4 van
0.2 0.5 0.4 0.2 0.2 0.1 0.3 0.5 0.2 0.4 0.2 0.2 0.5 0.2 0.2 0.0 0.2 bus
0.5 0.7 0.7 0.4 0.2 0.1 0.4 0.3 0.3 0.5 0.3 0.3 0.6 0.1 0.5 0.0 0.6 saab
0.4 0.3 0.7 0.4 0.2 0.2 0.5 0.3 0.3 0.3 0.4 0.4 0.4 0.1 0.1 0.3 0.4 opel
0.4 0.5 0.5 0.3 0.2 0.1 0.2 0.5 0.2 0.4 0.2 0.2 0.4 0.1 0.5 0.0 0.6 bus
0.8 0.6 1   0.4 0.1 0.2 0.6 0.2 0.6 0.5 0.5 0.5 0.7 0.1 0.6 0.8 0.5 saab
0.3 0.5 0.6 0.3 0.1 0.1 0.3 0.5 0.2 0.4 0.3 0.2 0.4 0.1 0.1 0.0 0.5 opel
0.6 0.6 0.8 0.4 0.2 0.1 0.5 0.3 0.4 0.5 0.4 0.4 0.4 0.0 0.1 0.1 0.7 opel
0.8 0.7 1   0.3 0.1 0.2 0.7 0.1 0.6 0.8 0.5 0.6 0.7 0.2 0.5 0.7 0.4 saab
0.6 0.5 0.9 0.4 0.2 0.2 0.6 0.2 0.5 0.5 0.4 0.5 0.5 0.1 0.3 0.9 0.5 saab
0.5 0.5 0.6 0.3 0.1 0.1 0.4 0.4 0.3 0.5 0.3 0.3 0.5 0.1 0.2 0.1 0.5 saab
0.3 0.5 0.6 0.2 0.1 0.2 0.3 0.5 0.2 0.5 0.2 0.2 0.5 0.2 0.6 0.2 0.3 van
0.3 0.5 0.5 0.2 0.1 0.1 0.3 0.5 0.2 0.4 0.3 0.2 0.4 0.2 0.7 0.3 0.3 opel
0.8 0.8 0.9 0.4 0.2 0.2 0.6 0.2 0.5 0.7 0.5 0.5 0.8 0.1 0.5 0.1 0.5 saab
0.4 0.5 0.6 0.2 0.1 0.2 0.3 0.5 0.2 0.5 0.3 0.2 0.5 0.2 0.0 0.1 0.3 van
0.2 0.2 0.3 0.1 0.2 0.1 0.2 0.7 0.1 0.1 0.1 0.1 0.2 0.3 0.5 0.6 0.1 saab
0.2 0.5 0.4 0.2 0.2 0.1 0.2 0.6 0.2 0.3 0.2 0.2 0.4 0.2 0.2 0.0 0.2 bus
0.3 0.5 0.6 0.2 0.1 0.1 0.3 0.4 0.3 0.4 0.3 0.2 0.6 0.2 0.4 0.4 0.4 opel
0.5 0.3 0.5 0.3 0.2 0.1 0.4 0.3 0.3 0.2 0.4 0.4 0.2 0.2 0.0 0.1 0.7 bus
0.5 0.5 0.4 0.4 0.3 0.1 0.3 0.4 0.3 0.4 0.3 0.3 0.5 0.1 0.3 0.2 0.7 bus
0.5 0.5 0.7 0.3 0.2 0.1 0.3 0.5 0.3 0.4 0.2 0.2 0.5 0.1 0.0 0.3 0.5 van
0.5 0.5 0.5 0.4 0.3 0.1 0.4 0.3 0.3 0.5 0.3 0.3 0.5 0.1 0.3 0.4 0.8 bus
0.3 0.1 0.2 0.1 0.1 0.0 0.0 0.9 0.0 0.1 0.0 0.0 0.2 0.3 0.4 0.4 0.1 van
0.8 0.7 0.8 0.4 0.1 0.0 0.8 0.1 0.7 0.6 0.7 0.7 0.7 0.3 0.0 0.5 0.4 bus
0.7 0.7 0.9 0.4 0.1 0.2 0.7 0.1 0.6 0.6 0.5 0.6 0.6 0.2 0.7 0.5 0.5 saab
0.3 0.2 0.3 0.1 0.1 0.1 0.1 0.7 0.1 0.2 0.1 0.1 0.1 0.2 0.0 0.3 0.3 saab
0.2 0.1 0.2 0.1 0.1 0.1 0.1 0.8 0.1 0.1 0.1 0.1 0.1 0.3 0.0 0.1 0.1 saab
0.7 0.9 0.8 0.5 0.2 0.2 0.7 0.1 0.6 0.8 0.5 0.6 0.7 0.2 0.1 0.5 0.4 opel
0.2 0.2 0.3 0.1 0.1 0.1 0.2 0.7 0.1 0.2 0.1 0.1 0.2 0.3 0.0 0.1 0.1 opel
0.7 0.8 0.8 0.5 0.2 0.0 0.9 0.0 0.8 0.6 0.8 0.9 1   0.4 0.2 0.3 0.2 bus
0.2 0.5 0.4 0.2 0.2 0.1 0.3 0.5 0.2 0.4 0.2 0.2 0.5 0.3 0.0 0.3 0.2 bus
0.6 0.7 1   0.5 0.2 0.1 0.7 0.1 0.6 0.6 0.6 0.6 0.6 0.2 0.3 0.4 0.4 opel
0.3 0.4 0.4 0.2 0.1 0.1 0.2 0.6 0.2 0.4 0.2 0.1 0.4 0.1 0.3 0.4 0.4 opel
0.5 0.6 0.7 0.2 0.2 0.2 0.3 0.5 0.3 0.6 0.3 0.2 0.6 0.2 0.2 0.0 0.2 van
0.6 0.4 0.7 0.4 0.2 0.1 0.5 0.3 0.4 0.4 0.4 0.4 0.4 0.1 0.3 0.3 0.5 saab
0.4 0.5 0.6 0.2 0.1 0.1 0.3 0.5 0.2 0.5 0.2 0.2 0.5 0.2 0.2 0.0 0.3 van
0.5 0.5 0.6 1   1.0 0.9 0.3 0.5 0.2 0.5 1   0.2 0.5 1   0.5 0.2 0.4 van
0.6 0.9 0.9 0.4 0.2 0.2 0.8 0.1 0.7 0.9 0.5 0.7 0.6 0.2 0.3 0.5 0.3 opel
0.3 0.3 0.3 0.0 0.0 0.1 0.3 0.5 0.2 0.3 0.2 0.2 0.4 0.3 0.2 0.4 0.1 bus
0.4 0.2 0.4 0.2 0.2 0.4 0.2 0.6 0.1 0.3 0.2 0.1 0.1 0.1 0.2 0.3 0.5 van
0.4 0.4 0.7 0.3 0.2 0.2 0.3 0.5 0.2 0.5 0.2 0.2 0.2 0.1 0.4 0.4 0.6 van
0.3 0.5 0.5 0.3 0.2 0.1 0.3 0.5 0.2 0.4 0.2 0.2 0.5 0.2 0.3 0.1 0.4 bus
0.4 0.6 0.6 0.4 0.2 0.1 0.4 0.3 0.3 0.5 0.4 0.3 0.7 0.1 0.0 0.0 0.4 saab
0.5 0.2 0.5 0.3 0.1 0.1 0.3 0.4 0.3 0.2 0.3 0.2 0.2 0.2 0.0 0.0 0.4 opel
0.8 0.9 0.9 0.3 0.0 0.1 0.9 0.0 0.9 0.7 0.8 0.9 1   0.4 0.5 0.0 0.2 bus
0.3 0.3 0.5 0.3 0.2 0.1 0.3 0.5 0.2 0.3 0.2 0.2 0.3 0.2 0.1 0.0 0.4 bus
0.5 0.2 0.4 0.4 0.2 0.1 0.3 0.4 0.3 0.3 0.3 0.3 0.1 0.2 0.1 0.4 0.8 bus
0.3 0.3 0.3 0.2 0.2 0.2 0.1 0.7 0.1 0.3 0.1 0.1 0.3 0.1 0.3 0.0 0.6 van
0.7 0.8 0.9 0.5 0.2 0.2 0.6 0.2 0.5 0.6 0.5 0.5 0.6 0.1 1   0.5 0.6 saab
0.3 0.2 0.6 0.2 0.1 0.1 0.3 0.5 0.2 0.1 0.3 0.2 0.2 0.1 0.3 0.5 0.5 opel
0.6 0.7 0.9 0.3 0.1 0.2 0.7 0.1 0.6 0.6 0.5 0.6 0.6 0.2 0.5 0.3 0.3 opel
0.5 0.2 0.5 0.2 0.2 0.1 0.2 0.6 0.1 0.5 0.2 0.1 0.1 0.0 0.7 0.1 0.8 van
0.7 0.6 0.8 0.4 0.2 0.2 0.6 0.2 0.5 0.6 0.4 0.5 0.3 0.1 0.4 0.5 0.5 opel
0.3 0.3 0.5 0.3 0.2 0.1 0.2 0.5 0.2 0.3 0.2 0.2 0.3 0.1 0.1 0.5 0.7 bus
0.2 0.2 0.3 0.1 0.1 0.1 0.1 0.7 0.1 0.1 0.1 0.1 0.2 0.2 0.0 0.6 0.1 opel
0.4 0.2 0.5 0.1 0.1 0.1 0.2 0.6 0.2 0.2 0.2 0.1 0.3 0.1 0.0 0.2 0.3 saab
0.3 0.5 0.4 0.2 0.2 0.1 0.2 0.5 0.2 0.4 0.2 0.2 0.4 0.2 0.2 0.1 0.4 bus
0.3 0.2 0.6 0.3 0.1 0.1 0.4 0.4 0.3 0.2 0.3 0.3 0.2 0.1 0.0 0.7 0.5 saab
0.3 0.5 0.5 0.4 0.2 0.1 0.3 0.4 0.3 0.5 0.3 0.2 0.4 0.1 0.2 0.0 0.6 saab
0.1 0.1 0.2 0.1 0.1 0.0 0.1 0.9 0.0 0.1 0.0 0.0 0.2 0.3 0.0 0.3 0.0 opel
0.2 0.4 0.4 0.1 0.1 0.1 0.2 0.5 0.2 0.4 0.2 0.2 0.4 0.3 0.3 0.4 0.1 bus
0.3 0.1 0.5 0.2 0.2 0.1 0.2 0.6 0.1 0.1 0.2 0.1 0.1 0.1 0.2 0.9 0.6 opel
0.3 0.5 0.6 0.1 0.1 0.2 0.3 0.5 0.3 0.5 0.2 0.2 0.4 0.2 0.5 0.5 0.2 van
0.6 0.8 0.9 0.3 0.1 0.2 0.7 0.1 0.6 0.8 0.5 0.6 0.5 0.1 0.2 0.6 0.5 opel
0.3 0.4 0.4 0.2 0.2 0.1 0.2 0.6 0.1 0.4 0.2 0.1 0.4 0.1 0.4 0.3 0.6 bus
0.5 0.1 0.5 0.3 0.3 0.1 0.2 0.5 0.2 0.1 0.3 0.2 0.1 0.1 0.0 0.4 0.8 bus
0.3 0.4 0.4 0.3 0.3 0.1 0.3 0.5 0.2 0.4 0.2 0.2 0.4 0.2 0.3 0.3 0.3 bus
0.4 0.0 0.4 0.2 0.1 0.1 0.1 0.7 0.1 0.1 0.1 0.1 0.1 0.1 0.2 0.5 0.8 saab
0.5 0.2 0.3 0.1 0.0 0.1 0.1 0.7 0.1 0.3 0.1 0.1 0.3 0.4 0.3 0.0 0.2 van
0.5 0.6 0.8 0.4 0.2 0.2 0.6 0.1 0.5 0.5 0.5 0.6 0.5 0.2 0.2 0.2 0.4 opel
0.4 0.0 0.4 0.2 0.1 0.1 0.2 0.6 0.1 0.1 0.2 0.1 0.1 0.0 0.0 0.1 0.8 saab
0.3 0.5 0.4 0.1 0.1 0.1 0.2 0.5 0.2 0.4 0.2 0.2 0.5 0.3 0.4 0.1 0.2 bus
0.4 0.3 0.7 0.4 0.2 0.1 0.5 0.3 0.3 0.3 0.4 0.4 0.3 0.1 0.5 0.6 0.6 opel
0.3 0.1 0.4 0.2 0.1 0.1 0.2 0.7 0.1 0.1 0.1 0.1 0.1 0.1 0.1 0.9 0.6 opel
0.7 0.8 0.8 0.4 0.2 0.2 0.7 0.1 0.7 0.7 0.5 0.6 0.7 0.2 0.5 0.6 0.4 opel
0.3 0.2 0.7 0.3 0.1 0.1 0.4 0.4 0.3 0.2 0.3 0.3 0.2 0.1 0.3 0.8 0.6 opel
0.8 0.7 0.9 0.4 0.1 0.2 0.6 0.2 0.6 0.6 0.5 0.5 0.5 0.1 0.7 0.5 0.5 saab
0.2 0.2 0.4 0.2 0.2 0.1 0.2 0.6 0.1 0.2 0.2 0.1 0.2 0.1 0.5 0.2 0.6 van
0.7 0.8 0.9 0.4 0.2 0.2 0.7 0.1 0.6 0.7 0.5 0.6 0.6 0.1 0.0 0.2 0.4 saab
0.6 0.5 0.7 0.5 0.3 0.1 0.6 0.2 0.5 0.4 0.5 0.5 0.5 0.3 0.2 0.3 0.5 bus
0.2 0.2 0.6 0.2 0.1 0.1 0.2 0.5 0.2 0.2 0.2 0.2 0.3 0.2 0.3 0.7 0.3 saab
0.3 0.3 0.4 0.1 0.1 0.1 0.2 0.5 0.2 0.4 0.2 0.2 0.4 0.3 0.5 0.3 0.2 bus
0.7 0.7 0.9 0.3 0.1 0.2 0.6 0.2 0.6 0.6 0.5 0.5 0.7 0.2 0.4 0.5 0.4 saab
0.3 0.2 0.4 0.2 0.1 0.1 0.1 0.7 0.1 0.2 0.1 0.1 0.1 0.1 0.1 0.3 0.6 van
0.4 0.3 0.3 0.1 0.0 0.1 0.2 0.7 0.1 0.4 0.2 0.1 0.3 0.3 0.7 0.3 0.3 van
0.2 0.3 0.4 0.1 0.1 0.1 0.2 0.5 0.2 0.2 0.2 0.2 0.4 0.3 0.5 0.0 0.1 opel
0.4 0.6 0.6 0.4 0.2 0.1 0.4 0.3 0.3 0.5 0.4 0.3 0.6 0.1 0.3 0.1 0.5 opel
0.5 0.5 1   0.4 0.1 0.2 0.6 0.2 0.5 0.5 0.4 0.5 0.4 0.0 0.0 0.8 0.6 saab
0.6 0.7 0.8 0.4 0.1 0.2 0.5 0.2 0.4 0.6 0.5 0.5 0.7 0.1 0.0 0.2 0.5 saab
0.4 0.5 0.5 0.1 0.1 0.2 0.3 0.5 0.3 0.5 0.2 0.2 0.5 0.2 0.5 0.2 0.2 van
0.4 0.1 0.3 0.1 0.1 0.1 0.0 0.9 0.0 0.2 0.0 0.0 0.1 0.1 0.3 0.3 0.5 van
0.6 0.7 0.7 0.4 0.2 0.2 0.5 0.3 0.4 0.6 0.4 0.4 0.5 0.1 0.5 0.3 0.6 opel
0.6 0.8 0.8 0.6 0.3 0.0 0.8 0.1 0.8 0.6 0.7 0.8 0.8 0.3 0.3 0.5 0.3 bus
0.3 0.5 0.5 0.1 0.1 0.1 0.3 0.5 0.3 0.6 0.2 0.2 0.4 0.3 0.5 0.1 0.3 van
0.6 0.7 0.8 0.4 0.2 0.1 0.5 0.3 0.4 0.6 0.4 0.4 0.6 0.1 0.6 0.4 0.6 saab
0.5 0.9 0.9 0.5 0.3 0.2 0.7 0.1 0.6 0.8 0.5 0.6 0.7 0.2 0.0 0.1 0.3 opel
0.6 0.8 0.7 0.4 0.2 0.1 0.6 0.2 0.5 0.6 0.5 0.5 0.7 0.3 0.2 0.3 0.5 bus
0.4 0.2 0.6 0.3 0.2 0.2 0.2 0.6 0.2 0.3 0.2 0.1 0.3 0.1 0.6 0.2 0.5 van
0.4 0.5 0.5 0.4 0.3 0.1 0.3 0.5 0.2 0.4 0.3 0.2 0.5 0.2 0.4 0.2 0.5 bus
0.5 0.2 0.5 0.3 0.1 0.1 0.3 0.4 0.3 0.2 0.3 0.3 0.1 0.1 0.3 0.1 0.7 opel
0.4 0.2 0.5 0.3 0.2 0.1 0.3 0.4 0.3 0.2 0.3 0.2 0.1 0.1 0.3 0.7 0.7 opel
0.5 0.4 0.4 0.2 0.2 0.1 0.2 0.5 0.2 0.3 0.2 0.2 0.4 0.1 0.4 0.1 0.6 bus
0.7 0.7 0.8 0.5 0.2 0.2 0.6 0.2 0.5 0.6 0.4 0.5 0.6 0.1 0.1 0.1 0.5 saab
0.2 0.4 0.4 0.2 0.2 0.1 0.2 0.6 0.2 0.4 0.2 0.2 0.4 0.3 0.0 0.3 0.1 bus
0.4 0.4 0.4 0.1 0.1 0.1 0.2 0.7 0.1 0.4 0.2 0.1 0.4 0.3 0.2 0.4 0.2 van
0.2 0.5 0.5 0.2 0.2 0.1 0.2 0.6 0.1 0.4 0.2 0.1 0.4 0.2 0.5 0.1 0.5 van
0.7 0.9 0.9 0.5 0.2 0.2 0.7 0.1 0.6 0.8 0.5 0.6 0.9 0.2 0.5 0.0 0.4 opel
0.5 0.3 0.7 0.4 0.2 0.1 0.4 0.3 0.3 0.4 0.3 0.4 0.2 0.0 0.1 0.2 0.8 saab
0.4 0.3 0.3 0.2 0.1 0.1 0.1 0.7 0.1 0.3 0.1 0.1 0.3 0.0 0.6 0.1 0.8 van
0.7 0.7 0.9 0.5 0.2 0.1 0.6 0.2 0.5 0.6 0.5 0.5 0.6 0.1 0.4 0.4 0.6 opel
0.5 0.5 0.6 0.3 0.2 0.1 0.4 0.4 0.3 0.5 0.3 0.3 0.5 0.1 0.5 0.0 0.5 opel
0.3 0.3 0.4 0.1 0.1 0.0 0.3 0.5 0.2 0.2 0.2 0.2 0.3 0.4 0.6 0.1 0.1 opel
0.6 0.6 0.6 0.4 0.3 0.1 0.5 0.3 0.3 0.5 0.4 0.4 0.6 0.2 0.1 0.3 0.7 bus
0.2 0.4 0.4 0.2 0.2 0.1 0.2 0.5 0.2 0.4 0.2 0.2 0.4 0.3 0.3 0.3 0.2 bus
0.1 0.4 0.4 0.2 0.2 0.1 0.2 0.6 0.2 0.4 0.2 0.2 0.4 0.2 0.0 0.3 0.2 bus
0.5 0.8 0.9 0.3 0.1 0.2 0.7 0.1 0.6 0.8 0.5 0.6 0.7 0.2 0.6 0.6 0.3 opel
0.7 0.7 0.9 0.4 0.2 0.2 0.7 0.1 0.7 0.6 0.5 0.6 0.6 0.2 0.5 0.4 0.4 saab
0.4 0.3 0.3 0.2 0.1 0.1 0.1 0.7 0.0 0.3 0.1 0.1 0.3 0.0 0.6 0.0 0.9 van
0.4 0.4 0.4 0.2 0.2 0.1 0.2 0.6 0.1 0.4 0.2 0.1 0.4 0.2 0.0 0.2 0.4 van
0.7 0.8 1   0.6 0.2 0.2 0.7 0.1 0.6 0.8 0.5 0.6 0.7 0.1 0.4 0.5 0.5 opel
0.7 0.7 0.7 0.3 0.1 0.0 0.7 0.1 0.7 0.6 0.7 0.7 0.6 0.3 0.2 0.3 0.3 bus
0.7 0.9 0.9 0.4 0.2 0.2 0.7 0.1 0.7 0.9 0.5 0.6 0.6 0.2 0.7 0.0 0.4 opel
0.2 0.3 0.5 0.2 0.1 0.1 0.3 0.5 0.2 0.2 0.2 0.2 0.3 0.2 0.5 0.2 0.2 opel
0.5 0.8 0.9 0.5 0.3 0.1 0.6 0.2 0.6 0.8 0.5 0.6 0.7 0.2 0.0 0.6 0.3 saab
0.6 0.8 0.8 0.3 0.1 0.2 0.7 0.1 0.7 0.8 0.5 0.7 0.6 0.2 0.2 0.2 0.3 opel
0.3 0.5 0.5 0.2 0.2 0.2 0.3 0.5 0.3 0.6 0.2 0.2 0.4 0.2 0.2 0.2 0.3 van
0.5 0.5 0.7 0.5 0.3 0.1 0.5 0.3 0.4 0.4 0.4 0.4 0.5 0.2 0.2 0.3 0.6 bus
0.3 0.3 0.3 0.1 0.1 0.1 0.2 0.6 0.2 0.4 0.2 0.2 0.4 0.4 0.0 0.1 0.1 bus
0.7 0.8 0.8 0.4 0.2 0.2 0.7 0.1 0.6 0.8 0.5 0.6 0.7 0.2 0.0 0.0 0.3 saab
0.7 0.8 0.7 0.5 0.2 0.2 0.7 0.1 0.6 0.7 0.5 0.6 0.5 0.2 0.2 0.5 0.4 opel
0.5 0.5 0.5 0.3 0.2 0.1 0.4 0.4 0.3 0.4 0.3 0.3 0.5 0.1 0.5 0.4 0.5 opel
0.3 0.2 0.5 0.2 0.1 0.1 0.2 0.6 0.1 0.2 0.2 0.1 0.2 0.2 0.2 0.2 0.4 van
0.4 0.6 0.5 0.2 0.1 0.2 0.3 0.5 0.3 0.6 0.2 0.2 0.5 0.2 0.1 0.0 0.3 van
0.2 0.5 0.4 0.2 0.3 0.1 0.3 0.5 0.2 0.4 0.2 0.2 0.6 0.3 0.1 0.3 0.2 bus
0.7 0.9 0.9 0.5 0.3 0.2 0.7 0.1 0.7 0.8 0.5 0.6 0.7 0.2 0.5 0.3 0.3 opel
0.4 0.5 0.6 0.3 0.2 0.1 0.3 0.4 0.3 0.4 0.3 0.2 0.5 0.1 0.5 0.3 0.5 saab
0.2 0.2 0.6 0.2 0.1 0.1 0.3 0.5 0.2 0.2 0.2 0.2 0.2 0.2 0.5 0.4 0.2 opel
0.6 0.7 0.9 0.4 0.1 0.2 0.7 0.1 0.6 0.6 0.5 0.6 0.5 0.1 0.3 0.5 0.5 opel
0.8 0.8 1   0.4 0.1 0.2 0.7 0.1 0.7 0.8 0.5 0.6 0.7 0.1 0.5 0.6 0.4 saab
0.5 0.5 0.5 0.3 0.1 0.1 0.3 0.5 0.3 0.4 0.3 0.2 0.4 0.1 0.7 0.3 0.7 saab
0.3 0.4 0.4 0.1 0.1 0.1 0.3 0.5 0.2 0.4 0.2 0.2 0.4 0.4 0.2 0.2 0.1 bus
0.6 0.8 0.8 0.3 0.1 0.2 0.7 0.1 0.7 0.8 0.5 0.6 0.7 0.2 0.2 0.4 0.3 opel
0.7 0.8 0.9 0.3 0.0 0.1 0.9 0.0 0.8 0.7 0.7 0.8 0.8 0.3 0.5 0.0 0.2 bus
0.5 0.5 0.4 0.3 0.2 0.1 0.3 0.4 0.2 0.4 0.3 0.2 0.5 0.1 0.2 0.1 0.6 bus
0.7 0.8 0.8 0.5 0.2 0.2 0.7 0.1 0.6 0.7 0.5 0.6 0.7 0.1 0.1 0.7 0.4 opel
0.5 0.4 0.6 0.1 0.1 0.2 0.3 0.5 0.2 0.4 0.2 0.2 0.3 0.2 0.0 0.1 0.3 van
0.3 0.1 0.2 0.0 0.1 0.0 0.0 0.9 0.0 0.1 0.0 0.0 0.2 0.4 0.3 0.3 0.1 van
0.6 0.8 0.8 0.3 0.1 0.2 0.7 0.1 0.6 0.8 0.5 0.6 0.7 0.2 0.0 0.8 0.4 opel
0.6 0.9 0.8 0.4 0.2 0.2 0.8 0.1 0.7 0.9 0.5 0.7 0.6 0.2 0.0 0.3 0.3 opel
0.7 0.8 0.8 0.4 0.1 0.2 0.7 0.1 0.7 0.7 0.5 0.6 0.7 0.2 0.2 0.3 0.4 opel
0.3 0.1 0.4 0.1 0.1 0.1 0.1 0.7 0.1 0.1 0.1 0.1 0.2 0.2 0.2 0.7 0.2 opel
0.4 0.2 0.4 0.1 0.1 0.1 0.2 0.6 0.2 0.2 0.2 0.2 0.3 0.2 0.4 0.4 0.3 saab
0.5 0.5 0.8 0.5 0.2 0.2 0.5 0.2 0.4 0.4 0.5 0.5 0.5 0.1 0.0 0.3 0.4 opel
0.9 0.8 0.8 0.4 0.2 0.2 0.7 0.1 0.7 0.7 0.5 0.6 0.7 0.2 1   0.3 0.4 saab
0.6 0.7 1   0.4 0.1 0.2 0.7 0.2 0.6 0.6 0.5 0.6 0.5 0.1 0.0 0.9 0.5 saab
0.4 0.1 0.5 0.3 0.1 0.1 0.2 0.5 0.2 0.1 0.2 0.2 0.2 0.1 0.1 0.8 0.5 opel
0.5 0.5 0.7 0.2 0.2 0.2 0.3 0.5 0.3 0.6 0.2 0.2 0.4 0.1 0.3 0.5 0.4 van
0.6 0.8 0.9 0.3 0.1 0.2 0.7 0.1 0.6 0.8 0.5 0.6 0.7 0.2 0.5 0.6 0.3 opel
0.3 0.4 0.4 0.1 0.1 0.1 0.2 0.6 0.2 0.4 0.2 0.2 0.4 0.4 0.3 0.2 0.1 bus
0.3 0.2 0.5 0.2 0.1 0.1 0.3 0.4 0.3 0.2 0.3 0.3 0.2 0.1 0.0 0.2 0.5 opel
0.7 0.8 0.9 0.4 0.1 0.2 0.7 0.1 0.7 0.8 0.5 0.7 0.6 0.1 0.0 0.7 0.4 opel
0.5 0.2 0.4 0.3 0.2 0.1 0.3 0.5 0.3 0.2 0.3 0.2 0.1 0.1 0.2 1   0.7 saab
0.3 0.2 0.5 0.1 0.1 0.1 0.2 0.7 0.1 0.2 0.2 0.1 0.1 0.2 0.3 0.2 0.4 van
0.1 0.2 0.3 0.1 0.1 0.1 0.1 0.7 0.1 0.1 0.1 0.1 0.2 0.4 0.0 0.5 0.0 opel
0.4 0.3 0.5 0.3 0.1 0.1 0.2 0.5 0.2 0.3 0.2 0.2 0.3 0.0 1   0.2 1   opel
0.7 0.8 0.9 0.5 0.2 0.2 0.7 0.1 0.7 0.7 0.5 0.6 0.7 0.1 0.6 0.6 0.5 saab
0.3 0.3 0.5 0.1 0.1 0.1 0.3 0.5 0.2 0.2 0.2 0.2 0.3 0.2 0.3 0.4 0.2 saab
0.3 0.2 0.5 0.2 0.2 0.1 0.2 0.6 0.1 0.3 0.1 0.1 0.1 0.1 0.1 0.1 0.8 van
0.3 0.3 0.7 0.3 0.1 0.1 0.4 0.3 0.3 0.2 0.4 0.3 0.3 0.1 0.3 0.4 0.4 saab
0.4 0.3 0.5 0.2 0.1 0.1 0.2 0.7 0.1 0.3 0.2 0.1 0.2 0.2 0.0 0.0 0.4 van
0.3 0.1 0.4 0.3 0.2 0.1 0.2 0.6 0.1 0.2 0.2 0.1 0.1 0.1 0.0 0.9 0.6 saab
0.4 0.4 0.6 0.6 0.5 0.8 0.2 0.5 0.2 0.4 0.4 0.2 0.3 0.4 0.2 0.2 0.3 van
0.7 0.7 0.9 0.4 0.1 0.2 0.7 0.1 0.6 0.7 0.5 0.6 0.6 0.1 0.0 0.5 0.5 opel
0.4 0.5 0.5 0.3 0.1 0.1 0.3 0.4 0.3 0.4 0.3 0.2 0.4 0.1 0.4 0.2 0.5 saab
0.5 0.4 0.8 0.4 0.2 0.1 0.5 0.3 0.4 0.4 0.5 0.4 0.4 0.2 0.7 0.3 0.5 saab
0.8 0.6 0.9 0.4 0.1 0.2 0.6 0.2 0.5 0.5 0.4 0.5 0.5 0.1 0.5 0.5 0.5 opel
0.5 0.5 0.5 0.4 0.3 0.1 0.4 0.3 0.3 0.5 0.3 0.3 0.5 0.1 0.4 0.5 0.8 bus
0.3 0.4 0.3 0.1 0.1 0.1 0.2 0.6 0.2 0.4 0.2 0.2 0.4 0.3 0.4 0.2 0.1 bus
0.3 0.6 0.7 0.3 0.1 0.1 0.4 0.3 0.3 0.5 0.4 0.3 0.6 0.1 0.6 0.4 0.5 saab
0.7 0.8 0.9 0.3 0.0 0.1 0.9 0.0 0.9 0.8 0.7 0.9 0.8 0.3 0.2 0.7 0.1 bus
0.7 0.6 0.9 0.5 0.2 0.2 0.6 0.2 0.6 0.6 0.5 0.5 0.4 0.1 0.0 0.5 0.6 saab
0.3 0.3 0.3 0.1 0.1 0.1 0.1 0.8 0.0 0.3 0.1 0.0 0.3 0.2 0.5 0.1 0.3 van
0.4 0.2 0.2 0.0 0.0 0.1 0.2 0.7 0.1 0.3 0.1 0.1 0.3 0.3 0.5 0.2 0.2 van
0.5 0.4 0.7 0.3 0.2 0.2 0.3 0.5 0.3 0.4 0.2 0.2 0.3 0.1 0.6 0.2 0.6 van
0.6 0.8 0.8 0.5 0.2 0.2 0.7 0.1 0.7 0.8 0.5 0.6 0.7 0.2 0.1 0.5 0.4 saab
0.3 0.3 0.4 0.2 0.1 0.1 0.1 0.8 0.0 0.3 0.1 0.0 0.2 0.1 0.3 0.3 0.9 van
0.6 0.6 0.9 0.5 0.2 0.2 0.6 0.2 0.5 0.5 0.4 0.5 0.4 0.1 0.2 0.3 0.4 opel
0.8 0.8 0.8 0.4 0.1 0.1 0.8 0.1 0.8 0.7 0.7 0.8 0.8 0.3 0.4 0.2 0.3 bus
0.4 0.5 0.5 0.4 0.3 0.1 0.3 0.4 0.2 0.4 0.3 0.2 0.5 0.1 0.4 0.1 0.6 bus
0.3 0.0 0.3 0.2 0.1 0.1 0.1 0.7 0.1 0.2 0.1 0.1 0.0 0.1 0.2 0.2 0.8 van
0.4 0.2 0.6 0.3 0.1 0.1 0.4 0.4 0.3 0.2 0.3 0.3 0.1 0.1 0.3 0.4 0.7 saab
0.5 0.2 0.5 0.4 0.2 0.1 0.3 0.5 0.3 0.2 0.3 0.2 0.2 0.1 0.1 0.4 0.5 saab
0.3 0.4 0.4 0.3 0.3 0.3 0.3 0.5 0.2 0.4 0.3 0.2 0.4 0.2 0.0 0.2 0.3 bus
0.3 0.4 0.6 0.1 0.1 0.2 0.3 0.5 0.3 0.6 0.2 0.2 0.3 0.2 0.3 0.3 0.2 van
0.4 0.3 0.4 0.0 0.0 0.1 0.2 0.7 0.2 0.3 0.2 0.1 0.2 0.3 0.5 0.5 0.2 van
0.3 0.4 0.4 0.2 0.2 0.1 0.2 0.6 0.1 0.4 0.2 0.2 0.4 0.1 0.3 0.2 0.7 bus
0.5 0.2 0.5 0.3 0.3 0.1 0.3 0.5 0.2 0.2 0.2 0.2 0.2 0.1 0.2 0.1 0.5 bus
0.7 0.7 0.9 0.3 0.1 0.2 0.7 0.1 0.6 0.6 0.5 0.6 0.7 0.2 0.1 0.1 0.4 saab
0.3 0.2 0.3 0.1 0.1 0.0 0.0 0.9 0.0 0.2 0.1 0.0 0.3 0.3 0.4 0.0 0.3 van
0.1 0.2 0.4 0.1 0.1 0.1 0.2 0.6 0.2 0.2 0.2 0.1 0.2 0.2 0.3 0.5 0.2 opel
0.4 0.2 0.7 0.3 0.2 0.1 0.4 0.3 0.3 0.2 0.4 0.3 0.3 0.1 0.5 0.4 0.4 saab
0.3 0.5 0.4 0.1 0.1 0.1 0.2 0.6 0.2 0.4 0.2 0.2 0.5 0.4 0.0 0.2 0.1 bus
0.9 0.6 0.8 0.5 0.2 0.1 0.6 0.2 0.5 0.5 0.5 0.5 0.5 0.1 0.8 0.7 0.6 saab
0.3 0.6 0.6 0.4 0.2 0.1 0.4 0.3 0.3 0.5 0.4 0.3 0.6 0.1 0.5 0.2 0.5 opel
0.8 0.9 0.9 0.6 0.3 0.1 0.8 0.1 0.8 0.7 0.7 0.8 0.7 0.3 0.4 0.3 0.3 bus
0.3 0.3 0.4 0.1 0.1 0.0 0.2 0.7 0.1 0.2 0.2 0.1 0.3 0.2 0.3 0.3 0.3 saab
0.3 0.4 0.4 0.1 0.1 0.1 0.2 0.6 0.2 0.4 0.2 0.2 0.4 0.4 0.0 0.1 0.1 bus
0.6 0.9 0.8 0.6 0.3 0.2 0.7 0.1 0.6 0.8 0.5 0.6 0.7 0.2 0.1 0.1 0.4 saab
0.7 0.8 0.8 0.3 0.1 0.1 0.7 0.1 0.7 0.8 0.5 0.6 0.7 0.2 0.2 0.1 0.4 opel
0.3 0.2 0.7 0.4 0.2 0.1 0.4 0.4 0.3 0.2 0.4 0.3 0.3 0.2 0.1 0.5 0.3 opel
0.9 0.8 0.7 0.4 0.2 0.2 0.7 0.1 0.6 0.7 0.5 0.6 0.5 0.2 0.3 0.6 0.4 saab
0.3 0.3 0.5 0.2 0.1 0.1 0.2 0.6 0.2 0.3 0.2 0.2 0.4 0.2 0.7 0.6 0.5 opel
0.5 0.1 0.4 0.3 0.2 0.1 0.3 0.4 0.2 0.1 0.3 0.2 0.1 0.2 0.1 0.5 0.9 bus
0.6 0.6 0.6 0.4 0.1 0.2 0.4 0.3 0.3 0.5 0.3 0.3 0.5 0.0 0.2 0.5 0.7 saab
0.8 0.8 0.9 0.5 0.2 0.2 0.6 0.2 0.6 0.6 0.5 0.6 0.8 0.2 0.4 0.0 0.4 saab
0.4 0.3 0.6 0.3 0.1 0.1 0.3 0.4 0.3 0.2 0.3 0.2 0.3 0.2 0.2 0.2 0.3 saab
0.3 0.4 0.4 0.1 0.1 0.1 0.2 0.6 0.2 0.4 0.2 0.2 0.4 0.4 0.1 0.2 0.1 bus
0.5 0.1 0.4 0.2 0.2 0.1 0.1 0.7 0.1 0.2 0.1 0.1 0.0 0.1 0.3 0.0 0.6 van
0.7 0.8 0.9 0.4 0.2 0.2 0.7 0.1 0.7 0.7 0.5 0.6 0.6 0.2 0.7 0.9 0.4 saab
0.5 0.4 0.4 0.2 0.1 0.1 0.3 0.5 0.2 0.4 0.2 0.2 0.5 0.1 0.5 0.3 0.6 saab
0.5 0.5 0.7 0.3 0.2 0.2 0.3 0.5 0.2 0.4 0.2 0.2 0.4 0.1 0.4 0.2 0.5 van
0.3 0.5 0.6 0.1 0.1 0.2 0.3 0.5 0.3 0.6 0.2 0.2 0.4 0.2 0.0 0.2 0.2 van
0.7 0.8 0.9 0.5 0.2 0.2 0.6 0.2 0.5 0.7 0.5 0.5 0.7 0.2 0.4 0.4 0.4 opel
0.8 0.8 0.9 0.5 0.2 0.2 0.7 0.1 0.6 0.7 0.5 0.6 0.6 0.1 0.0 0.6 0.4 saab
0.8 0.8 0.9 0.5 0.2 0.2 0.7 0.1 0.7 0.8 0.5 0.6 0.6 0.2 0.3 0.1 0.4 saab
0.6 0.8 0.8 0.4 0.2 0.1 0.6 0.2 0.5 0.7 0.5 0.5 0.8 0.1 0.1 0.2 0.4 opel
0.4 0.5 0.6 0.3 0.1 0.1 0.3 0.4 0.3 0.4 0.3 0.3 0.3 0.0 0.4 0.3 0.8 opel
0.2 0.2 0.4 0.1 0.2 0.1 0.1 0.8 0.1 0.2 0.1 0.1 0.2 0.1 0.2 0.2 0.3 opel
0.3 0.3 0.4 0.1 0.1 0.1 0.2 0.5 0.2 0.4 0.2 0.2 0.3 0.3 0.2 0.1 0.1 bus
0.3 0.1 0.4 0.2 0.1 0.1 0.2 0.6 0.1 0.2 0.2 0.1 0.1 0.2 0.3 0.0 0.4 van
0.8 0.8 0.9 0.3 0.1 0.2 0.7 0.1 0.7 0.7 0.5 0.6 0.7 0.2 0.7 0.4 0.4 saab
0.7 0.8 0.8 0.4 0.2 0.2 0.7 0.1 0.6 0.8 0.5 0.6 0.7 0.2 0.6 0.1 0.4 saab
0.6 0.7 0.7 0.4 0.2 0.1 0.6 0.2 0.5 0.6 0.5 0.5 0.6 0.2 0.3 0.2 0.6 bus
0.3 0.1 0.3 0.1 0.1 0.1 0.0 0.9 0.0 0.1 0.0 0.0 0.1 0.1 0.0 0.6 0.7 van
0.5 0.8 0.9 0.3 0.1 0.2 0.7 0.1 0.7 0.9 0.5 0.7 0.7 0.2 0.4 0.7 0.4 opel
0.2 0.2 0.5 0.1 0.1 0.1 0.2 0.7 0.1 0.1 0.2 0.1 0.1 0.2 0.4 0.5 0.2 opel
0.3 0.2 0.5 0.2 0.2 0.1 0.2 0.6 0.2 0.1 0.2 0.2 0.2 0.1 0.0 0.2 0.4 opel
0.7 0.8 0.9 0.5 0.3 0.2 0.7 0.1 0.7 0.8 0.6 0.7 0.7 0.2 0.6 0.3 0.4 opel
0.2 0.4 0.3 0.1 0.1 0.1 0.2 0.6 0.2 0.4 0.2 0.2 0.4 0.3 0.0 0.3 0.1 bus
0.2 0.1 0.4 0.1 0.1 0.1 0.1 0.8 0.1 0.1 0.1 0.1 0.2 0.1 0.1 0.5 0.2 opel
0.1 0.4 0.4 0.2 0.2 0.1 0.3 0.5 0.2 0.4 0.2 0.2 0.4 0.3 0.0 0.2 0.2 bus
0.3 0.4 0.5 0.2 0.1 0.1 0.2 0.6 0.2 0.4 0.2 0.1 0.4 0.1 0.6 0.1 0.6 saab
0.2 0.3 0.3 0.1 0.1 0.1 0.1 0.7 0.1 0.3 0.1 0.1 0.3 0.3 0.5 0.1 0.0 van
0.3 0.7 0.6 0.4 0.2 0.1 0.4 0.3 0.3 0.5 0.4 0.4 0.6 0.2 0.0 0.1 0.4 opel
0.4 0.3 0.6 0.3 0.2 0.1 0.4 0.3 0.3 0.2 0.4 0.3 0.3 0.2 0.0 0.3 0.4 opel
0.3 0.3 0.4 0.1 0.1 0.1 0.1 0.8 0.0 0.4 0.1 0.1 0.3 0.1 0.4 0.1 0.6 van
0.5 0.4 0.6 0.2 0.1 0.1 0.5 0.2 0.4 0.3 0.4 0.4 0.3 0.2 0.0 0.1 0.6 bus
0.4 0.2 0.3 0.2 0.1 0.1 0.1 0.7 0.1 0.2 0.1 0.1 0.3 0.1 0.4 0.2 0.7 saab
0.5 0.5 0.5 0.4 0.3 0.1 0.4 0.4 0.3 0.5 0.3 0.3 0.4 0.1 0.6 0.2 0.8 bus
0.4 0.2 0.5 0.3 0.2 0.1 0.2 0.6 0.1 0.3 0.1 0.1 0.1 0.1 0.2 0.2 0.8 van
0.6 0.7 1   0.6 0.3 0.2 0.7 0.1 0.7 0.6 0.6 0.6 0.6 0.2 0.5 0.5 0.4 opel
0.4 0.1 0.6 0.3 0.2 0.1 0.3 0.4 0.3 0.1 0.3 0.2 0.2 0.1 0.4 0.8 0.6 saab
0.3 0.3 0.5 0.3 0.2 0.1 0.4 0.3 0.3 0.3 0.4 0.3 0.3 0.1 0.0 0.7 0.4 opel
0.5 0.8 0.9 0.5 0.3 0.2 0.7 0.1 0.7 0.7 0.5 0.6 0.6 0.1 0.1 0.5 0.3 saab
0.2 0.2 0.4 0.2 0.2 0.1 0.2 0.7 0.1 0.3 0.1 0.1 0.1 0.1 0.0 0.6 0.7 van
0.3 0.2 0.3 0.1 0.1 0.1 0.0 0.9 0.0 0.2 0.0 0.0 0.2 0.1 0.3 0.2 0.8 van
0.3 0.2 0.4 0.1 0.1 0.1 0.1 0.7 0.1 0.2 0.1 0.1 0.1 0.1 0.0 0.6 0.4 opel
0.3 0.3 0.3 0.1 0.0 0.1 0.2 0.6 0.2 0.3 0.2 0.2 0.4 0.3 0.1 0.3 0.1 bus
0.7 0.9 0.9 0.3 0.1 0.2 0.6 0.2 0.6 0.8 0.5 0.6 0.7 0.2 0.6 0.5 0.4 opel
0.4 0.6 0.6 0.2 0.1 0.2 0.3 0.5 0.3 0.7 0.2 0.2 0.5 0.2 0.0 0.3 0.2 van
0.2 0.0 0.0 0.0 0.1 0.0 0.0 0.9 0.0 0.0 0.0 0.0 0.1 0.4 0.2 0.2 0.1 opel
0.4 0.2 0.5 0.4 0.3 0.1 0.3 0.4 0.3 0.1 0.3 0.3 0.2 0.1 0.0 0.3 0.6 bus
0.3 0.0 0.1 0.0 0.1 0.0 0.0 0.9 0.0 0.0 0.0 0.0 0.1 0.3 0.0 0.7 0.1 saab
0.3 0.0 0.4 0.2 0.1 0.1 0.2 0.6 0.1 0.1 0.1 0.1 0.1 0.0 0.4 0.7 0.9 opel
0.4 0.3 0.4 0.2 0.1 0.1 0.2 0.6 0.1 0.3 0.2 0.1 0.3 0.1 0.5 0.5 0.8 opel
0.2 0.2 0.1 0.0 0.1 0.1 0.1 0.8 0.0 0.1 0.1 0.0 0.2 0.3 0.4 0.4 0.1 van
0.5 0.2 0.4 0.1 0.1 0.1 0.1 0.7 0.1 0.4 0.2 0.1 0.2 0.2 0.2 0.2 0.3 van
0.5 0.8 0.8 0.3 0.1 0.2 0.7 0.1 0.6 0.8 0.5 0.6 0.7 0.2 0.0 0.1 0.3 opel
0.8 0.9 0.9 0.6 0.3 0.2 0.7 0.1 0.7 0.8 0.5 0.6 0.7 0.2 0.4 0.1 0.4 saab
0.4 0.6 0.6 0.2 0.1 0.1 0.2 0.5 0.2 0.5 0.2 0.2 0.6 0.2 0.1 0.0 0.3 van
0.5 0.3 0.8 0.3 0.1 0.1 0.5 0.3 0.3 0.2 0.4 0.4 0.3 0.1 0.2 0.8 0.5 saab
0.7 0.7 0.9 0.4 0.2 0.2 0.7 0.1 0.7 0.7 0.5 0.6 0.6 0.2 1   0.9 0.5 saab
0.2 0.1 0.5 0.1 0.1 0.1 0.2 0.6 0.1 0.1 0.2 0.1 0.2 0.2 0.2 0.9 0.4 saab
0.7 0.8 0.8 0.4 0.2 0.2 0.7 0.2 0.6 0.7 0.5 0.6 0.6 0.2 0.6 0.5 0.4 saab
0.2 0.4 0.4 0.3 0.2 0.1 0.2 0.6 0.1 0.4 0.2 0.1 0.4 0.1 0.3 0.1 0.4 bus
0.3 0.4 0.4 0.3 0.3 0.1 0.2 0.6 0.2 0.3 0.2 0.2 0.4 0.2 0.2 0.1 0.4 bus
0.5 0.7 0.6 0.4 0.3 0.1 0.5 0.3 0.3 0.6 0.4 0.4 0.6 0.2 0.4 0.3 0.7 bus
0.4 0.3 0.3 0.2 0.1 0.1 0.1 0.7 0.1 0.3 0.1 0.1 0.3 0.1 0.7 0.1 0.7 van
0.3 0.3 0.3 0.1 0.1 0.1 0.1 0.7 0.1 0.2 0.1 0.1 0.4 0.1 0.4 0.0 0.4 saab
0.7 0.6 0.9 0.3 0.1 0.2 0.6 0.2 0.6 0.6 0.4 0.6 0.5 0.1 0.0 0.3 0.5 opel
0.3 0.4 0.4 0.2 0.2 0.1 0.2 0.5 0.2 0.4 0.2 0.2 0.5 0.3 0.5 0.0 0.2 bus
0.6 0.7 0.8 0.5 0.2 0.2 0.6 0.2 0.5 0.6 0.4 0.5 0.5 0.1 0.0 0.5 0.6 opel
0.2 0.2 0.2 0.1 0.1 0.1 0.1 0.7 0.1 0.1 0.1 0.1 0.2 0.3 0.5 0.1 0.0 opel
0.5 0.3 0.3 0.1 0.1 0.1 0.1 0.7 0.1 0.4 0.1 0.1 0.3 0.3 0.2 0.2 0.3 van
0.5 0.3 0.4 0.2 0.1 0.1 0.2 0.6 0.1 0.3 0.2 0.1 0.4 0.0 0.5 0.2 0.9 saab
0.3 0.4 0.3 0.1 0.1 0.1 0.3 0.5 0.2 0.5 0.2 0.2 0.4 0.3 0.2 0.3 0.1 bus
0.5 0.6 0.5 0.4 0.3 0.1 0.4 0.3 0.3 0.6 0.3 0.4 0.5 0.2 0.0 0.2 0.7 bus
0.8 0.8 0.9 0.6 0.2 0.2 0.7 0.1 0.6 0.8 0.5 0.6 0.6 0.1 0.6 0.1 0.5 opel
0.4 0.7 0.8 0.4 0.2 0.1 0.5 0.2 0.4 0.6 0.5 0.5 0.8 0.1 0.1 0.0 0.5 opel
0.2 0.4 0.5 0.3 0.3 0.1 0.3 0.5 0.2 0.4 0.3 0.2 0.4 0.2 0.2 0.3 0.3 bus
0.5 0.5 0.9 0.5 0.2 0.1 0.5 0.3 0.4 0.4 0.4 0.4 0.4 0.1 0.0 0.7 0.5 saab
0.5 0.4 0.6 0.4 0.2 0.1 0.4 0.3 0.3 0.3 0.3 0.4 0.3 0.1 0.3 0.1 0.7 bus
0.5 0.5 0.7 0.2 0.2 0.1 0.3 0.5 0.2 0.4 0.2 0.2 0.5 0.1 0.7 0.3 0.5 van
0.3 0.4 0.5 0.2 0.1 0.1 0.3 0.5 0.2 0.3 0.2 0.2 0.3 0.2 0.4 0.0 0.4 opel
0.4 0.2 0.5 0.4 0.2 0.1 0.3 0.4 0.3 0.2 0.3 0.3 0.2 0.1 0.1 0.3 0.7 bus
0.3 0.2 0.5 0.1 0.1 0.1 0.2 0.6 0.2 0.2 0.2 0.2 0.2 0.2 0.3 0.6 0.2 saab
0.7 0.8 0.9 0.3 0.1 0.2 0.6 0.1 0.6 0.7 0.5 0.6 0.7 0.2 0.0 0.4 0.3 saab
0.3 0.2 0.5 0.2 0.2 0.1 0.2 0.5 0.2 0.2 0.2 0.2 0.3 0.2 0.3 0.5 0.4 saab
0.5 0.8 0.9 0.5 0.2 0.1 0.6 0.2 0.5 0.7 0.5 0.5 0.7 0.2 0.2 0.5 0.4 saab
0.3 0.3 0.4 0.1 0.1 0.1 0.2 0.6 0.2 0.3 0.2 0.1 0.3 0.2 0.1 0.5 0.2 saab
0.5 0.2 0.5 0.3 0.2 0.1 0.3 0.4 0.3 0.2 0.3 0.2 0.1 0.0 0.1 0.7 0.9 opel
0.5 0.3 0.7 0.4 0.2 0.2 0.4 0.3 0.3 0.3 0.4 0.4 0.2 0.1 0.2 0.1 0.7 opel
0.6 0.5 0.7 0.4 0.1 0.2 0.4 0.3 0.3 0.5 0.3 0.3 0.4 0.0 0.7 0.4 0.8 saab
0.3 0.1 0.1 0.0 0.1 0.0 0.0 0.9 0.0 0.0 0.0 0.0 0.2 0.4 0.3 0.0 0.1 van
0.2 0.3 0.5 0.2 0.2 0.1 0.3 0.5 0.2 0.4 0.3 0.2 0.3 0.2 0.0 0.5 0.4 bus
0.3 0.5 0.6 0.2 0.1 0.2 0.3 0.5 0.3 0.6 0.2 0.2 0.4 0.2 0.5 0.4 0.2 van
0.4 0.2 0.5 0.2 0.1 0.1 0.2 0.6 0.1 0.3 0.2 0.1 0.1 0.0 0.4 0.4 0.8 van
0.5 0.7 0.8 0.5 0.2 0.1 0.5 0.3 0.4 0.6 0.4 0.4 0.7 0.1 0.4 0.1 0.6 saab
0.3 0.1 0.3 0.2 0.1 0.1 0.1 0.7 0.1 0.2 0.1 0.1 0.0 0.0 0.0 0.1 0.9 van
0.8 0.5 0.8 0.4 0.2 0.1 0.5 0.2 0.4 0.4 0.4 0.5 0.3 0.1 0.5 0.2 0.6 saab
0.3 0.3 0.4 0.2 0.1 0.1 0.2 0.6 0.2 0.3 0.2 0.2 0.4 0.3 0.9 0.0 0.2 saab
0.3 0.5 0.6 0.3 0.2 0.1 0.3 0.4 0.3 0.5 0.3 0.3 0.5 0.2 0.3 0.2 0.4 saab
0.4 0.4 0.4 0.2 0.2 0.1 0.2 0.7 0.1 0.4 0.1 0.1 0.4 0.1 0.2 0.1 0.8 van
0.4 0.5 0.6 0.2 0.2 0.2 0.3 0.5 0.3 0.6 0.2 0.2 0.5 0.2 0.4 0.0 0.3 van
0.6 0.4 0.8 0.4 0.2 0.2 0.5 0.3 0.4 0.3 0.4 0.4 0.2 0.1 0.4 0.3 0.6 opel
0.8 0.8 0.9 0.5 0.2 0.2 0.6 0.2 0.6 0.7 0.5 0.6 0.6 0.1 0.2 0.4 0.5 saab
0.5 0.5 0.7 0.3 0.3 0.2 0.3 0.5 0.3 0.5 0.2 0.2 0.5 0.1 0.7 0.5 0.5 van
0.3 0.4 0.4 0.1 0.1 0.1 0.2 0.5 0.2 0.4 0.2 0.2 0.5 0.3 0.4 0.0 0.1 bus
0.5 0.7 0.8 0.4 0.2 0.1 0.5 0.3 0.4 0.6 0.4 0.4 0.8 0.1 0.6 0.0 0.5 opel
0.7 0.3 0.6 0.4 0.2 0.1 0.4 0.3 0.3 0.3 0.4 0.3 0.2 0.1 0.3 0.7 0.7 opel
0.5 0.5 0.7 0.3 0.1 0.1 0.6 0.2 0.5 0.4 0.4 0.5 0.6 0.2 0.4 0.0 0.5 bus
0.4 0.1 0.4 0.2 0.1 0.1 0.2 0.5 0.2 0.2 0.2 0.2 0.1 0.1 0.0 0.0 0.7 opel
0.4 0.2 0.6 0.3 0.2 0.1 0.3 0.5 0.2 0.2 0.3 0.2 0.2 0.1 0.3 0.2 0.5 saab
0.6 1   1.0 0.6 0.3 0.2 0.7 0.1 0.7 0.9 0.5 0.7 0.6 0.2 0.0 0.3 0.4 opel
0.2 0.4 0.5 0.2 0.2 0.1 0.3 0.5 0.2 0.4 0.3 0.2 0.4 0.3 0.1 0.4 0.2 bus
0.7 0.7 0.6 0.4 0.3 0.1 0.5 0.2 0.4 0.6 0.4 0.5 0.5 0.2 0.3 0.5 0.6 bus
0.3 0.5 0.4 0.1 0.1 0.1 0.2 0.5 0.2 0.4 0.2 0.2 0.5 0.3 0.4 0.1 0.1 bus
0.3 0.3 0.5 0.3 0.3 0.1 0.3 0.5 0.2 0.3 0.3 0.2 0.3 0.2 0.4 0.3 0.5 bus
0.5 0.5 0.5 0.3 0.2 0.2 0.3 0.5 0.3 0.5 0.2 0.2 0.4 0.2 0.4 0.1 0.3 van
0.5 0.5 0.4 0.4 0.3 0.1 0.4 0.4 0.3 0.4 0.3 0.3 0.4 0.1 0.8 0.2 0.8 bus
0.4 0.5 0.5 0.1 0.1 0.2 0.3 0.5 0.3 0.6 0.2 0.2 0.5 0.2 0.0 0.2 0.2 van
0.8 0.9 1   0.4 0.1 0.1 0.9 0.0 0.8 0.7 0.7 0.9 1   0.3 0.5 0.2 0.2 bus
0.6 0.2 0.5 0.3 0.2 0.1 0.3 0.4 0.3 0.2 0.3 0.3 0.2 0.2 0.1 0.5 0.8 bus
0.3 0.3 0.4 0.1 0.1 0.1 0.2 0.6 0.2 0.4 0.2 0.2 0.3 0.3 0.5 0.2 0.1 bus
0.3 0.3 0.4 0.2 0.1 0.1 0.1 0.7 0.1 0.2 0.1 0.1 0.2 0.1 0.0 0.0 0.6 opel
0.7 0.9 0.9 0.6 0.2 0.1 1   0.0 0.9 0.8 0.8 1   0.9 0.4 0.4 0.8 0.1 bus
0.3 0.1 0.2 0.1 0.1 0.0 0.1 0.8 0.0 0.1 0.0 0.0 0.1 0.3 0.2 0.3 0.2 saab
0.7 0.7 0.9 0.4 0.1 0.2 0.5 0.3 0.4 0.6 0.4 0.4 0.5 0.1 0.8 0.1 0.7 saab
0.5 0.3 0.6 0.4 0.2 0.1 0.4 0.4 0.3 0.3 0.3 0.3 0.2 0.0 0.1 0.2 0.8 saab
0.3 0.5 0.4 0.3 0.3 0.1 0.2 0.5 0.2 0.4 0.2 0.2 0.5 0.2 0.5 0.2 0.4 bus
0.8 0.7 0.8 0.4 0.2 0.2 0.5 0.2 0.5 0.6 0.4 0.5 0.6 0.1 0.3 0.4 0.6 saab
0.4 0.5 0.5 0.1 0.1 0.2 0.3 0.5 0.3 0.6 0.2 0.2 0.4 0.2 0.0 0.4 0.2 van
0.6 0.4 0.7 0.4 0.2 0.2 0.4 0.3 0.3 0.4 0.4 0.4 0.3 0.1 0.3 0.2 0.6 saab
0.4 0.3 0.4 0.1 0.1 0.1 0.2 0.7 0.1 0.4 0.2 0.1 0.3 0.3 0.3 0.5 0.2 van
0.3 0.2 0.6 0.2 0.1 0.1 0.3 0.5 0.2 0.2 0.3 0.2 0.2 0.1 0.0 0.0 0.4 saab
0.4 0.2 0.5 0.3 0.3 0.1 0.3 0.5 0.2 0.2 0.3 0.2 0.1 0.2 0.0 0.1 0.7 bus
0.2 0.3 0.4 0.2 0.2 0.1 0.2 0.5 0.2 0.3 0.2 0.2 0.3 0.2 0.1 0.0 0.3 bus
0.4 0.5 0.6 0.3 0.1 0.1 0.4 0.4 0.3 0.4 0.4 0.3 0.6 0.2 0.5 0.1 0.4 opel
0.7 0.8 0.8 0.4 0.1 0.2 0.7 0.1 0.6 0.7 0.5 0.6 0.5 0.2 0.5 0.6 0.4 opel
0.8 0.6 0.9 0.4 0.2 0.2 0.6 0.2 0.5 0.5 0.5 0.5 0.7 0.2 0.3 0.4 0.4 saab
0.5 0.6 0.6 0.3 0.1 0.1 0.4 0.4 0.3 0.5 0.3 0.3 0.5 0.1 0.7 0.0 0.6 opel
0.4 0.4 0.5 0.3 0.2 0.1 0.2 0.6 0.1 0.4 0.1 0.1 0.3 0.1 0.8 0.3 0.9 van
0.6 0.7 0.9 0.3 0.1 0.2 0.6 0.2 0.6 0.7 0.5 0.6 0.7 0.2 0.1 0.0 0.4 opel
0.8 0.8 0.9 0.4 0.2 0.2 0.7 0.1 0.6 0.8 0.5 0.6 0.7 0.2 0.8 0.4 0.4 saab
0.2 0.4 0.4 0.6 0.6 1   0.2 0.6 0.1 0.4 0.5 0.1 0.4 0.5 0.2 0.2 0.5 van
0.4 0.1 0.3 0.1 0.1 0.1 0.1 0.8 0.0 0.2 0.1 0.0 0.0 0.1 0.3 0.4 0.7 van
0.5 0.6 0.6 0.1 0.1 0.2 0.3 0.5 0.3 0.6 0.2 0.2 0.5 0.2 0.5 0.2 0.2 van
0.5 0.3 0.8 0.4 0.2 0.1 0.4 0.3 0.3 0.3 0.4 0.3 0.3 0.1 0.0 0.7 0.6 opel
0.6 0.8 0.8 0.4 0.2 0.1 0.7 0.1 0.7 0.7 0.6 0.7 0.8 0.3 0.4 0.3 0.4 bus
0.6 0.8 0.9 0.4 0.2 0.2 0.6 0.2 0.5 0.7 0.5 0.5 0.8 0.2 0.2 0.3 0.4 saab
0.7 0.5 0.8 0.4 0.2 0.2 0.6 0.2 0.5 0.4 0.4 0.5 0.5 0.1 0.4 0.1 0.5 saab
0.7 0.8 0.9 0.5 0.2 0.2 0.7 0.1 0.7 0.7 0.5 0.6 0.6 0.1 0.5 0.5 0.5 saab
0.5 0.4 0.4 0.4 0.3 0.1 0.3 0.5 0.2 0.4 0.2 0.2 0.4 0.1 0.3 0.0 0.8 bus
0.6 0.7 1   0.5 0.2 0.2 0.7 0.1 0.7 0.7 0.6 0.7 0.6 0.2 0.3 0.7 0.4 opel
0.5 0.3 0.7 0.3 0.1 0.1 0.4 0.3 0.3 0.3 0.3 0.3 0.2 0.1 0.0 0.1 0.7 saab
0.5 0.5 0.5 0.4 0.3 0.1 0.3 0.4 0.3 0.4 0.3 0.3 0.5 0.1 0.3 0.2 0.7 bus
0.7 0.7 1   0.3 0.1 0.2 0.7 0.1 0.7 0.7 0.6 0.6 0.7 0.2 0.5 0.7 0.4 opel
0.7 0.8 0.8 0.4 0.2 0.2 0.7 0.1 0.6 0.7 0.5 0.6 0.7 0.2 0.5 0.3 0.4 saab
0.4 0.2 0.5 0.3 0.2 0.1 0.4 0.4 0.3 0.2 0.3 0.3 0.2 0.2 0.0 0.7 0.4 opel
0.7 0.8 0.9 0.6 0.3 0.2 0.7 0.1 0.6 0.7 0.5 0.6 0.7 0.1 0.2 0.5 0.4 saab
0.5 0.5 0.6 0.3 0.2 0.2 0.3 0.5 0.3 0.5 0.2 0.2 0.4 0.2 0.8 0.3 0.4 van
0.7 0.5 0.8 0.4 0.2 0.1 0.5 0.2 0.4 0.5 0.4 0.4 0.3 0.1 0.2 0.2 0.6 opel
0.5 0.5 0.6 0.2 0.2 0.2 0.3 0.5 0.3 0.6 0.2 0.2 0.3 0.1 0.0 0.1 0.4 van
0.4 0.2 0.5 0.1 0.1 0.1 0.1 0.7 0.1 0.2 0.1 0.1 0.1 0.1 0.0 0.3 0.5 van
0.6 0.6 0.9 0.5 0.2 0.2 0.6 0.2 0.5 0.5 0.4 0.5 0.4 0.1 0.0 0.6 0.5 saab
0.5 0.4 0.4 0.4 0.3 0.1 0.3 0.4 0.2 0.4 0.3 0.2 0.4 0.1 0.2 0.2 0.9 bus
0.3 0.1 0.4 0.1 0.1 0.1 0.1 0.8 0.1 0.1 0.1 0.1 0.1 0.1 0.1 0.7 0.3 opel
0.7 0.6 0.8 0.6 0.3 0.2 0.6 0.2 0.5 0.5 0.5 0.5 0.6 0.2 0.1 0.4 0.4 opel
0.6 0.8 0.9 0.4 0.2 0.2 0.7 0.1 0.7 0.9 0.5 0.7 0.6 0.2 0.4 0.9 0.4 opel
0.7 0.7 0.9 0.3 0.1 0.1 0.8 0.1 0.8 0.6 0.7 0.8 0.9 0.3 0.1 0.6 0.2 bus
0.3 0.5 0.5 0.3 0.2 0.1 0.2 0.6 0.1 0.4 0.2 0.1 0.4 0.2 0.1 0.0 0.5 van
0.9 0.9 0.9 0.3 0.1 0.1 0.9 0.0 0.9 0.7 0.8 0.9 1   0.3 0.1 0.5 0.2 bus
0.3 0.3 0.2 0.0 0.1 0.1 0.1 0.8 0.1 0.3 0.1 0.1 0.3 0.4 0.0 0.2 0.0 van
0.3 0.2 0.5 0.2 0.1 0.1 0.3 0.5 0.2 0.1 0.3 0.2 0.2 0.2 0.6 0.3 0.3 opel
0.6 0.7 0.9 0.5 0.2 0.2 0.6 0.2 0.5 0.6 0.5 0.5 0.5 0.1 0.1 0.5 0.4 saab
0.7 0.7 0.7 0.2 0.0 0.1 0.7 0.1 0.6 0.7 0.6 0.6 0.6 0.3 0.4 0.6 0.4 bus
0.6 0.7 0.8 0.4 0.2 0.1 0.7 0.1 0.6 0.5 0.5 0.6 0.7 0.2 0.4 0.2 0.4 bus
0.5 0.4 0.6 0.3 0.2 0.2 0.3 0.5 0.2 0.5 0.2 0.2 0.3 0.1 0.1 0.2 0.5 van
0.8 0.7 0.9 0.4 0.1 0.2 0.7 0.1 0.6 0.6 0.5 0.6 0.6 0.1 0.5 0.2 0.4 saab
0.3 0.2 0.5 0.3 0.2 0.1 0.2 0.5 0.2 0.2 0.2 0.2 0.2 0.1 0.1 0.5 0.6 bus
0.4 0.3 0.5 0.2 0.1 0.1 0.2 0.6 0.1 0.3 0.2 0.1 0.3 0.1 0.0 0.0 0.5 opel
0.5 0.6 0.8 0.4 0.2 0.1 0.6 0.2 0.5 0.5 0.5 0.5 0.4 0.1 0.1 0.1 0.4 saab
0.5 0.5 0.7 0.3 0.2 0.2 0.3 0.5 0.2 0.4 0.2 0.2 0.5 0.1 0.6 0.4 0.6 van
0.3 0.4 0.4 0.2 0.2 0.1 0.3 0.5 0.2 0.4 0.3 0.2 0.4 0.3 0.0 0.1 0.2 bus
0.4 0.3 0.4 0.2 0.1 0.1 0.1 0.7 0.1 0.3 0.2 0.1 0.3 0.1 0.3 0.1 0.5 van
0.2 0.4 0.4 0.1 0.1 0.1 0.2 0.6 0.2 0.4 0.2 0.2 0.4 0.3 0.3 0.3 0.1 bus
0.4 0.5 0.6 0.3 0.2 0.1 0.3 0.5 0.2 0.4 0.2 0.2 0.4 0.1 0.0 0.1 0.6 van
0.4 0.7 0.7 0.5 0.2 0.1 0.5 0.3 0.4 0.5 0.4 0.4 0.8 0.1 0.3 0.0 0.4 saab
0.5 0.3 0.5 0.3 0.1 0.1 0.4 0.3 0.3 0.3 0.4 0.3 0.3 0.1 0.1 0.7 0.5 saab
0.3 0.1 0.2 0.0 0.1 0.1 0.0 0.9 0.0 0.1 0.0 0.0 0.1 0.3 0.6 0.1 0.2 van
0.6 0.1 0.5 0.4 0.3 0.1 0.3 0.4 0.3 0.1 0.3 0.3 0.1 0.2 0.3 0.5 0.8 bus
0.4 0.1 0.4 0.3 0.1 0.1 0.2 0.5 0.2 0.2 0.2 0.2 0.1 0.1 0.1 0.5 0.7 saab
0.4 0.3 0.3 0.2 0.2 0.1 0.1 0.7 0.1 0.3 0.2 0.1 0.3 0.1 0.3 0.3 0.6 van
0.3 0.2 0.3 0.1 0.1 0.1 0.0 0.9 0.0 0.2 0.1 0.0 0.2 0.1 0.3 0.1 0.5 van
0.5 0.8 0.8 0.4 0.2 0.2 0.5 0.2 0.4 0.6 0.5 0.4 0.8 0.2 0.1 0.0 0.4 saab
0.4 0.4 0.4 0.2 0.1 0.1 0.2 0.5 0.2 0.3 0.2 0.2 0.4 0.2 0.6 0.6 0.3 saab
0.2 0.5 0.4 0.1 0.1 0.1 0.3 0.5 0.2 0.5 0.2 0.2 0.4 0.3 0.1 0.3 0.1 bus
0.5 0.7 0.6 0.1 0.1 0.2 0.3 0.5 0.3 0.7 0.2 0.2 0.5 0.2 0.2 0.1 0.2 van
0.7 0.5 0.7 0.4 0.2 0.2 0.5 0.3 0.4 0.4 0.4 0.4 0.3 0.1 0.5 0.5 0.6 opel
0.9 0.7 0.8 0.4 0.1 0.2 0.5 0.2 0.5 0.6 0.4 0.5 0.5 0.0 1   0.0 0.7 saab
0.4 0.4 0.4 0.2 0.2 0.1 0.2 0.7 0.1 0.4 0.2 0.1 0.3 0.2 0.1 0.0 0.4 van
0.6 0.7 0.8 0.5 0.3 0.2 0.7 0.1 0.6 0.7 0.5 0.6 0.6 0.2 0.0 0.4 0.4 opel
0.7 0.8 0.9 0.3 0.1 0.2 0.7 0.2 0.6 0.7 0.5 0.6 0.7 0.2 0.7 0.6 0.4 saab
0.2 0.4 0.4 0.1 0.1 0.1 0.3 0.5 0.2 0.4 0.2 0.2 0.4 0.3 0.0 0.3 0.2 bus
0.5 0.2 0.5 0.4 0.2 0.1 0.4 0.4 0.3 0.3 0.4 0.3 0.2 0.1 0.4 0.5 0.5 saab
0.3 0.2 0.4 0.3 0.2 0.1 0.2 0.5 0.2 0.2 0.2 0.2 0.2 0.1 0.2 0.3 0.6 bus
0.4 0.5 0.8 0.4 0.2 0.1 0.5 0.2 0.5 0.4 0.5 0.5 0.6 0.2 0.2 0.2 0.3 opel
0.4 0.1 0.6 0.3 0.2 0.1 0.2 0.6 0.2 0.1 0.2 0.1 0.2 0.1 0.0 0.8 0.6 saab
0.2 0.4 0.4 0.1 0.1 0.1 0.3 0.5 0.2 0.4 0.2 0.2 0.5 0.3 0.2 0.4 0.1 bus
0.5 0.6 0.9 0.5 0.2 0.2 0.6 0.2 0.5 0.5 0.4 0.5 0.3 0.1 0.1 0.2 0.6 opel
0.4 0.7 0.7 0.4 0.2 0.1 0.5 0.3 0.4 0.6 0.4 0.4 0.8 0.2 0.1 0.1 0.4 opel
0.3 0.3 0.4 0.2 0.1 0.1 0.2 0.5 0.2 0.3 0.2 0.2 0.3 0.3 0.3 0.2 0.3 bus
0.5 0.2 0.4 0.2 0.1 0.1 0.1 0.7 0.1 0.2 0.2 0.1 0.1 0.1 0.1 0.2 0.5 van
0.5 0.2 0.5 0.4 0.2 0.1 0.4 0.3 0.3 0.2 0.4 0.3 0.2 0.2 0.1 0.1 0.7 bus
0.5 0.5 0.8 0.4 0.2 0.1 0.5 0.2 0.4 0.4 0.5 0.4 0.5 0.2 0.1 0.5 0.4 saab
0.7 0.8 0.8 0.2 0.0 0.0 0.8 0.1 0.8 0.7 0.7 0.8 0.7 0.3 0.2 0.4 0.3 bus
0.8 0.7 0.9 0.4 0.1 0.2 0.6 0.1 0.6 0.5 0.5 0.6 0.5 0.1 0.4 0.2 0.5 saab
0.5 0.2 0.3 0.0 0.0 0.1 0.1 0.7 0.1 0.3 0.2 0.1 0.2 0.3 0.3 0.5 0.2 van
0.8 0.5 0.8 0.4 0.2 0.1 0.6 0.2 0.5 0.5 0.5 0.5 0.5 0.1 0.2 0.3 0.5 saab
0.3 0.3 0.3 0.2 0.2 0.1 0.1 0.7 0.1 0.3 0.1 0.1 0.3 0.1 0.1 0.0 0.9 van
0.3 0.4 0.8 0.5 0.3 0.2 0.5 0.3 0.4 0.3 0.4 0.4 0.4 0.2 0.1 0.5 0.4 opel
0.7 0.8 0.8 0.4 0.2 0.2 0.7 0.1 0.6 0.7 0.5 0.6 0.7 0.2 0.1 0.5 0.4 saab
0.3 0.2 0.2 0.1 0.1 0.1 0.0 0.9 0.0 0.1 0.0 0.0 0.2 0.2 0.5 0.5 0.3 van
0.3 0.4 0.4 0.1 0.1 0.1 0.2 0.6 0.2 0.4 0.2 0.2 0.4 0.3 0.3 0.3 0.1 bus
0.7 0.8 0.9 0.5 0.2 0.2 0.7 0.1 0.7 0.8 0.5 0.6 0.7 0.1 0.5 0.2 0.4 saab
0.4 0.2 0.4 0.1 0.1 0.1 0.1 0.8 0.1 0.3 0.1 0.1 0.1 0.2 0.1 0.3 0.5 van
0.9 0.7 0.8 0.4 0.2 0.2 0.7 0.1 0.6 0.7 0.5 0.6 0.7 0.2 0.6 0.1 0.4 saab
0.4 0.2 0.6 0.2 0.1 0.1 0.3 0.4 0.3 0.2 0.3 0.3 0.3 0.2 0.3 0.3 0.3 saab
0.3 0.4 0.4 0.1 0.1 0.1 0.2 0.6 0.2 0.4 0.2 0.2 0.4 0.4 0.4 0.0 0.1 bus
0.3 0.4 0.4 0.2 0.2 0.1 0.2 0.6 0.1 0.4 0.2 0.1 0.4 0.1 0.3 0.0 0.5 van
0.6 0.7 0.9 0.3 0.1 0.2 0.6 0.2 0.5 0.7 0.5 0.5 0.5 0.1 0.2 0.5 0.4 opel
0.5 0.5 0.7 0.4 0.2 0.1 0.5 0.2 0.4 0.4 0.4 0.5 0.4 0.2 0.1 0.6 0.6 bus
0.3 0.3 0.5 0.3 0.2 0.1 0.2 0.5 0.2 0.3 0.2 0.2 0.3 0.2 0.3 0.3 0.4 bus
0.2 0.3 0.2 0.0 0.1 0.1 0.1 0.8 0.1 0.3 0.1 0.1 0.3 0.4 0.4 0.2 0.0 van
0.3 0.2 0.3 0.1 0.1 0.1 0.1 0.8 0.0 0.2 0.0 0.0 0.2 0.1 0.9 0.2 0.6 opel
0.8 0.8 0.9 0.5 0.2 0.2 0.6 0.2 0.5 0.7 0.5 0.5 0.7 0.1 1   0.0 0.7 saab
0.7 0.9 0.8 0.4 0.1 0.2 0.7 0.1 0.6 0.8 0.5 0.6 0.7 0.2 0.7 0.3 0.3 opel
0.4 0.2 0.5 0.3 0.3 0.1 0.3 0.5 0.2 0.2 0.3 0.2 0.2 0.2 0.3 0.3 0.6 bus
0.3 0.3 0.6 0.2 0.2 0.1 0.2 0.5 0.2 0.4 0.2 0.2 0.3 0.2 0.2 0.4 0.4 van
0.2 0.2 0.3 0.1 0.1 0.1 0.1 0.7 0.1 0.2 0.1 0.1 0.2 0.2 0.4 0.1 0.3 opel
0.3 0.4 0.6 0.4 0.2 0.1 0.3 0.4 0.3 0.4 0.3 0.3 0.4 0.1 0.6 0.3 0.6 opel
0.4 0.5 0.6 0.4 0.3 0.1 0.4 0.3 0.3 0.5 0.3 0.4 0.6 0.1 0.3 0.5 0.7 bus
0.7 0.7 0.8 0.4 0.2 0.2 0.6 0.2 0.5 0.6 0.4 0.5 0.6 0.1 0.1 0.1 0.6 opel
0.2 0.4 0.4 0.2 0.2 0.1 0.2 0.5 0.2 0.4 0.2 0.2 0.4 0.3 0.0 0.0 0.2 bus
0.3 0.5 0.6 0.2 0.1 0.1 0.3 0.5 0.2 0.4 0.3 0.2 0.4 0.1 0.1 0.0 0.4 saab
0.7 0.7 0.9 0.3 0.1 0.2 0.6 0.2 0.6 0.6 0.5 0.6 0.7 0.2 0.4 0.2 0.4 saab
0.2 0.5 0.4 0.2 0.1 0.1 0.2 0.5 0.2 0.4 0.2 0.2 0.5 0.2 0.2 0.1 0.3 bus
0.1 0.2 0.2 0.1 0.1 0.1 0.2 0.6 0.2 0.1 0.1 0.1 0.2 0.3 0.2 0.0 0.1 saab
0.5 0.8 0.9 0.4 0.2 0.2 0.7 0.1 0.6 0.8 0.5 0.6 0.7 0.2 0.2 0.6 0.3 opel
0.2 0.2 0.4 0.1 0.1 0.1 0.2 0.7 0.1 0.2 0.1 0.1 0.3 0.1 0.7 0.1 0.4 opel
0.5 0.2 0.4 0.4 0.2 0.1 0.4 0.3 0.3 0.2 0.3 0.3 0.2 0.1 0.0 0.1 0.8 bus
0.4 0.6 0.5 0.1 0.1 0.2 0.3 0.5 0.3 0.7 0.2 0.2 0.5 0.3 0.0 0.1 0.2 van
0.3 0.4 0.4 0.1 0.1 0.1 0.2 0.5 0.2 0.4 0.2 0.2 0.4 0.3 0.2 0.4 0.1 bus
0.2 0.5 0.4 0.2 0.2 0.4 0.3 0.5 0.2 0.4 0.3 0.2 0.5 0.4 0.0 0.2 0.1 bus
0.4 0.6 0.6 0.2 0.2 0.2 0.3 0.5 0.3 0.7 0.2 0.2 0.5 0.2 0.1 0.4 0.3 van
0.7 0.8 0.9 0.4 0.2 0.2 0.7 0.1 0.7 0.8 0.5 0.6 0.6 0.2 0.6 0.7 0.4 saab
0.5 0.4 0.8 0.4 0.2 0.2 0.5 0.3 0.4 0.4 0.5 0.4 0.4 0.2 0.3 0.7 0.5 opel
0.4 0.3 0.8 0.4 0.2 0.1 0.5 0.3 0.4 0.3 0.4 0.4 0.4 0.1 0.5 0.5 0.4 saab
0.3 0.2 0.4 0.1 0.1 0.1 0.2 0.7 0.1 0.1 0.1 0.1 0.2 0.2 0.0 0.2 0.2 saab
0.7 0.9 0.8 0.6 0.3 0.2 0.7 0.1 0.7 0.8 0.5 0.6 0.7 0.2 0.3 0.4 0.3 opel
0.5 0.3 0.6 0.3 0.2 0.1 0.2 0.6 0.2 0.4 0.2 0.2 0.2 0.1 0.2 0.2 0.8 van
0.7 0.8 0.9 0.5 0.2 0.2 0.6 0.2 0.5 0.6 0.4 0.5 0.7 0.1 0.5 0.5 0.5 opel
0.7 0.8 0.8 0.4 0.1 0.2 0.7 0.1 0.7 0.8 0.5 0.6 0.7 0.2 0.4 0.3 0.3 opel
0.3 0.2 0.6 0.2 0.1 0.1 0.3 0.5 0.3 0.2 0.3 0.2 0.3 0.2 0.0 0.6 0.2 opel
0.5 0.6 0.7 0.4 0.2 0.2 0.4 0.3 0.3 0.5 0.4 0.4 0.4 0.1 0.1 0.0 0.7 opel
0.6 0.9 0.8 0.3 0.1 0.2 0.7 0.1 0.7 1   0.5 0.6 0.7 0.2 0.2 0.2 0.3 opel
0.3 0.3 0.4 0.1 0.1 0.1 0.1 0.7 0.1 0.4 0.2 0.1 0.3 0.2 0.5 0.4 0.4 van
0.5 0.6 0.6 0.2 0.1 0.2 0.3 0.5 0.3 0.6 0.2 0.2 0.5 0.2 0.3 0.2 0.2 van
0.5 0.2 0.4 0.3 0.2 0.1 0.3 0.5 0.2 0.2 0.2 0.2 0.1 0.1 0.0 0.4 0.8 bus
0.6 0.5 0.4 0.4 0.3 0.1 0.3 0.4 0.3 0.5 0.3 0.3 0.4 0.1 0.4 0.1 0.8 bus
0.8 0.6 1   0.4 0.2 0.2 0.7 0.1 0.6 0.6 0.5 0.6 0.7 0.2 0.7 0.3 0.5 saab
0.4 0.5 0.6 0.2 0.1 0.1 0.3 0.4 0.3 0.4 0.3 0.2 0.5 0.2 0.5 0.1 0.3 saab
0.2 0.1 0.2 0.0 0.1 0.0 0.2 0.7 0.1 0.1 0.1 0.1 0.2 0.4 0.7 0.1 0.2 saab
0.8 1   0.9 0.3 0.0 0.1 1   0.0 1   0.8 0.8 1   0.9 0.3 0.2 0.2 0.2 bus
0.3 0.5 0.4 0.2 0.1 0.1 0.2 0.6 0.1 0.4 0.2 0.1 0.4 0.2 0.1 0.3 0.4 van
0.5 0.5 0.5 0.3 0.1 0.1 0.3 0.5 0.3 0.4 0.3 0.2 0.5 0.1 0.5 0.0 0.6 saab
0.5 0.4 0.5 0.2 0.1 0.2 0.3 0.5 0.2 0.4 0.2 0.2 0.3 0.2 0.1 0.6 0.4 van
0.4 0.4 0.4 0.2 0.2 0.1 0.2 0.6 0.1 0.4 0.2 0.1 0.4 0.1 0.4 0.1 0.7 van
0.4 0.0 0.4 0.2 0.1 0.1 0.1 0.7 0.1 0.0 0.1 0.1 0.0 0.0 0.2 0.7 0.8 opel
0.4 0.2 0.7 0.3 0.2 0.1 0.4 0.4 0.3 0.2 0.4 0.3 0.3 0.2 0.3 0.6 0.4 saab
0.3 0.5 0.6 0.3 0.2 0.2 0.3 0.5 0.3 0.6 0.2 0.2 0.4 0.2 0.0 0.5 0.3 van
0.7 0.8 0.8 0.5 0.2 0.2 0.7 0.1 0.7 0.8 0.5 0.6 0.6 0.1 0.1 0.1 0.4 saab
0.3 0.1 0.5 0.2 0.1 0.1 0.2 0.7 0.1 0.1 0.1 0.1 0.2 0.1 0.0 0.6 0.5 saab
0.3 0.1 0.4 0.1 0.1 0.1 0.1 0.9 0.0 0.1 0.1 0.0 0.1 0.2 0.0 0.4 0.3 van